5.121328100000000000e+07 2.358011901378631592e-02 2.476760186254978180e-02 6.807217374444007874e-03 -4.041748121380805969e-02
5.121338100000000000e+07 2.361701428890228271e-02 2.478896081447601318e-02 6.751453503966331482e-03 -4.033713415265083313e-02
5.121348100000000000e+07 2.361960895359516144e-02 2.478975988924503326e-02 6.774974986910820007e-03 -4.031591489911079407e-02
5.121358100000000000e+07 2.361526340246200562e-02 2.478928491473197937e-02 6.721271201968193054e-03 -4.039322212338447571e-02
5.121368100000000000e+07 2.361655049026012421e-02 2.478886954486370087e-02 6.754003465175628662e-03 -4.031335189938545227e-02
5.121378100000000000e+07 2.362587302923202515e-02 2.479411102831363678e-02 6.681311875581741333e-03 -4.031096771359443665e-02
5.121388100000000000e+07 2.363369800150394440e-02 2.479666657745838165e-02 6.736952811479568481e-03 -4.025023058056831360e-02
5.121398100000000000e+07 2.363029867410659790e-02 2.479411289095878601e-02 6.754992529749870300e-03 -4.025493934750556946e-02
5.121408100000000000e+07 2.361722849309444427e-02 2.479046396911144257e-02 6.795631721615791321e-03 -4.037233069539070129e-02
5.121418100000000000e+07 2.362115308642387390e-02 2.479434013366699219e-02 6.817433983087539673e-03 -4.035826399922370911e-02
5.121428100000000000e+07 2.360267192125320435e-02 2.478453144431114197e-02 6.753146648406982422e-03 -4.045324400067329407e-02
5.121438100000000000e+07 2.359982207417488098e-02 2.477975748479366302e-02 6.717517971992492676e-03 -4.038645699620246887e-02
5.121448100000000000e+07 2.364428713917732239e-02 2.480213716626167297e-02 6.728837266564369202e-03 -4.028223827481269836e-02
5.121458100000000000e+07 2.361844480037689209e-02 2.479103580117225647e-02 6.814137101173400879e-03 -4.026238992810249329e-02
5.121468100000000000e+07 2.360958978533744812e-02 2.478507906198501587e-02 6.781747564673423767e-03 -4.035373404622077942e-02
5.121478100000000000e+07 2.361770160496234894e-02 2.479131706058979034e-02 6.737710908055305481e-03 -4.033314064145088196e-02
5.121488100000000000e+07 2.359706163406372070e-02 2.477855235338211060e-02 6.744151934981346130e-03 -4.042970016598701477e-02
5.121498100000000000e+07 2.362595684826374054e-02 2.479468099772930145e-02 6.756892427802085876e-03 -4.029198363423347473e-02
5.121508100000000000e+07 2.362590841948986053e-02 2.479376830160617828e-02 6.776263937354087830e-03 -4.029845073819160461e-02
5.121518100000000000e+07 2.362896688282489777e-02 2.479348145425319672e-02 6.750566884875297546e-03 -4.028411582112312317e-02
5.121528100000000000e+07 2.362474054098129272e-02 2.479398250579833984e-02 6.749128922820091248e-03 -4.036568477749824524e-02
5.121538100000000000e+07 2.362652309238910675e-02 2.479308657348155975e-02 6.741974502801895142e-03 -4.027782753109931946e-02
5.121548100000000000e+07 2.363413386046886444e-02 2.479812875390052795e-02 6.748868152499198914e-03 -4.027410224080085754e-02
5.121558100000000000e+07 2.358978241682052612e-02 2.477572113275527954e-02 6.822587922215461731e-03 -4.039542749524116516e-02
5.121568100000000000e+07 2.361126989126205444e-02 2.478739991784095764e-02 6.686331704258918762e-03 -4.044889286160469055e-02
5.121578100000000000e+07 2.359899692237377167e-02 2.478262782096862793e-02 6.745850667357444763e-03 -4.043983295559883118e-02
5.121588100000000000e+07 2.362606301903724670e-02 2.479321323335170746e-02 6.785098463296890259e-03 -4.023652151226997375e-02
5.121598100000000000e+07 2.363245375454425812e-02 2.479501068592071533e-02 6.882453337311744690e-03 -4.022242501378059387e-02
5.121608100000000000e+07 2.361280657351016998e-02 2.478858269751071930e-02 6.703721359372138977e-03 -4.037522152066230774e-02
5.121618100000000000e+07 2.360672503709793091e-02 2.478349208831787109e-02 6.772691383957862854e-03 -4.035200551152229309e-02
5.121628100000000000e+07 2.364491485059261322e-02 2.480166032910346985e-02 6.728706881403923035e-03 -4.024671390652656555e-02
5.121638100000000000e+07 2.359619177877902985e-02 2.477919869124889374e-02 6.789689883589744568e-03 -4.046203568577766418e-02
5.121648100000000000e+07 2.363725006580352783e-02 2.479898743331432343e-02 6.769442930817604065e-03 -4.021363332867622375e-02
5.121658100000000000e+07 2.363009564578533173e-02 2.479722164571285248e-02 6.791824474930763245e-03 -4.027726128697395325e-02
5.121668100000000000e+07 2.360829338431358337e-02 2.478342875838279724e-02 6.793273612856864929e-03 -4.035814478993415833e-02
5.121678100000000000e+07 2.348037436604499817e-02 2.472992986440658569e-02 6.809160113334655762e-03 -4.175682738423347473e-02
5.121688100000000000e+07 5.343765020370483398e-02 5.318891629576683044e-02 3.253080844879150391e-01 -2.356492578983306885e-01
5.121698100000000000e+07 5.684425681829452515e-02 5.543253943324089050e-02 1.555310338735580444e-01 -6.679523736238479614e-03
5.121708100000000000e+07 5.684819445013999939e-02 6.621623039245605469e-02 5.013933181762695312e-01 2.032940536737442017e-01
5.121718100000000000e+07 5.037527903914451599e-02 6.524263322353363037e-02 4.607827067375183105e-01 -1.728513240814208984e-01
5.121728100000000000e+07 4.433144629001617432e-02 3.874512761831283569e-02 1.223302930593490601e-01 3.718964383006095886e-02
5.121738100000000000e+07 6.094804033637046814e-02 4.330676794052124023e-02 1.078583896160125732e-01 1.649365574121475220e-01
5.121748100000000000e+07 4.628105461597442627e-02 5.046017840504646301e-02 3.240823745727539062e-01 2.371808588504791260e-01
5.121758100000000000e+07 5.894576385617256165e-02 4.011446982622146606e-02 1.329368054866790771e-01 4.921420514583587646e-01
5.121768100000000000e+07 7.167887687683105469e-02 5.000980570912361145e-02 -2.844296395778656006e-03 5.580576658248901367e-01
5.121778100000000000e+07 6.655921041965484619e-02 4.258723929524421692e-02 1.192325055599212646e-01 5.921801328659057617e-01
5.121788100000000000e+07 6.898800283670425415e-02 4.537377133965492249e-02 1.799793392419815063e-01 6.018149852752685547e-01
5.121798100000000000e+07 6.492064893245697021e-02 4.427594691514968872e-02 -5.647180229425430298e-02 6.193679571151733398e-01
5.121808100000000000e+07 6.601903587579727173e-02 4.066587239503860474e-02 1.928050629794597626e-02 6.317245960235595703e-01
5.121818100000000000e+07 6.419090181589126587e-02 4.115472361445426941e-02 -1.398801952600479126e-01 6.110218167304992676e-01
5.121828100000000000e+07 6.968697905540466309e-02 5.456471443176269531e-02 -3.539156317710876465e-01 5.441117286682128906e-01
5.121838100000000000e+07 7.037261873483657837e-02 4.905493929982185364e-02 1.899429224431514740e-02 5.710899829864501953e-01
5.121848100000000000e+07 6.363635510206222534e-02 4.354726150631904602e-02 -1.138233691453933716e-01 5.569037795066833496e-01
5.121858100000000000e+07 6.333854049444198608e-02 5.324753001332283020e-02 -4.578945040702819824e-02 4.896262288093566895e-01
5.121868100000000000e+07 6.755277514457702637e-02 4.359945282340049744e-02 2.466981559991836548e-01 6.253345012664794922e-01
5.121878100000000000e+07 7.005228847265243530e-02 4.029423743486404419e-02 1.057336479425430298e-01 6.545062065124511719e-01
5.121888100000000000e+07 6.449133157730102539e-02 4.897405207157135010e-02 -1.415280252695083618e-01 4.495536386966705322e-01
5.121898100000000000e+07 6.850685924291610718e-02 5.232544988393783569e-02 2.904217541217803955e-01 5.629523992538452148e-01
5.121908100000000000e+07 6.495755910873413086e-02 3.945849463343620300e-02 -1.153675168752670288e-01 6.224514245986938477e-01
5.121918100000000000e+07 7.116284221410751343e-02 4.886309802532196045e-02 -1.594347357749938965e-01 5.471760034561157227e-01
5.121928100000000000e+07 6.708455085754394531e-02 4.572786390781402588e-02 2.266057580709457397e-01 6.249588131904602051e-01
5.121938100000000000e+07 6.885471940040588379e-02 3.927033767104148865e-02 -1.470383405685424805e-01 6.692028045654296875e-01
5.121948100000000000e+07 6.582553684711456299e-02 4.915194585919380188e-02 -3.054608032107353210e-02 5.914699435234069824e-01
5.121958100000000000e+07 6.140909343957901001e-02 4.396254941821098328e-02 2.185578346252441406e-01 5.922923684120178223e-01
5.121968100000000000e+07 6.965900957584381104e-02 4.309522360563278198e-02 -8.673615753650665283e-02 6.446743607521057129e-01
5.121978100000000000e+07 6.493359059095382690e-02 4.550844430923461914e-02 -8.392575383186340332e-02 6.062113642692565918e-01
5.121988100000000000e+07 5.979229509830474854e-02 4.672777280211448669e-02 4.276019632816314697e-01 5.363297462463378906e-01
5.121998100000000000e+07 5.753288790583610535e-02 4.028609767556190491e-02 3.607852160930633545e-01 6.089441776275634766e-01
5.122008100000000000e+07 7.291878759860992432e-02 4.733131453394889832e-02 -1.885011792182922363e-01 5.414687991142272949e-01
5.122018100000000000e+07 7.055646181106567383e-02 4.874144122004508972e-02 -1.257833540439605713e-01 5.788159370422363281e-01
5.122028100000000000e+07 6.715322285890579224e-02 4.353118687868118286e-02 1.026351600885391235e-01 6.481439471244812012e-01
5.122038100000000000e+07 6.045934185385704041e-02 4.318003356456756592e-02 -7.070913910865783691e-02 5.644752383232116699e-01
5.122048100000000000e+07 7.455305010080337524e-02 4.425874724984169006e-02 4.262936860322952271e-02 6.349755525588989258e-01
5.122058100000000000e+07 6.525288522243499756e-02 3.937884792685508728e-02 -2.322779595851898193e-01 6.403767466545104980e-01
5.122068100000000000e+07 7.087439298629760742e-02 4.056603834033012390e-02 1.196862757205963135e-01 6.046051383018493652e-01
5.122078100000000000e+07 6.459397822618484497e-02 4.519346356391906738e-02 3.186900913715362549e-02 5.544647574424743652e-01
5.122088100000000000e+07 6.597215682268142700e-02 4.275324568152427673e-02 -9.804790467023849487e-02 6.224845051765441895e-01
5.122098100000000000e+07 6.975512951612472534e-02 4.075132682919502258e-02 8.675763010978698730e-02 6.685712933540344238e-01
5.122108100000000000e+07 6.660494953393936157e-02 4.368248581886291504e-02 1.135234385728836060e-01 6.361041665077209473e-01
5.122118100000000000e+07 6.862632930278778076e-02 5.023941770195960999e-02 -2.292269915342330933e-01 5.296795964241027832e-01
5.122128100000000000e+07 7.284867763519287109e-02 4.284959658980369568e-02 1.044262796640396118e-01 6.425376534461975098e-01
5.122138100000000000e+07 6.929178535938262939e-02 4.558789357542991638e-02 -1.946547776460647583e-01 5.692695975303649902e-01
5.122148100000000000e+07 6.761169433593750000e-02 3.984618186950683594e-02 -1.388958394527435303e-01 6.626248359680175781e-01
5.122158100000000000e+07 7.046523690223693848e-02 4.506379365921020508e-02 1.923690438270568848e-01 5.583338141441345215e-01
5.122168100000000000e+07 6.898412853479385376e-02 4.382795467972755432e-02 1.252307929098606110e-02 6.341531872749328613e-01
5.122178100000000000e+07 6.691515445709228516e-02 3.842128440737724304e-02 -1.243102550506591797e-02 6.343016028404235840e-01
5.122188100000000000e+07 7.186044752597808838e-02 4.694127663969993591e-02 6.368990987539291382e-02 5.967459082603454590e-01
5.122198100000000000e+07 6.406470388174057007e-02 4.251037538051605225e-02 -2.225807458162307739e-01 5.824382901191711426e-01
5.122208100000000000e+07 7.279895246028900146e-02 4.091862589120864868e-02 9.187312424182891846e-02 6.561939716339111328e-01
5.122218100000000000e+07 6.686070561408996582e-02 4.462656751275062561e-02 -8.430900424718856812e-02 5.813667178153991699e-01
5.122228100000000000e+07 6.315065175294876099e-02 4.333630576729774475e-02 -2.080850452184677124e-01 5.964188575744628906e-01
5.122238100000000000e+07 7.029297202825546265e-02 5.033479630947113037e-02 -2.951991558074951172e-01 5.501556396484375000e-01
5.122248200000000000e+07 6.400916725397109985e-02 3.887998685240745544e-02 3.347194194793701172e-02 6.385160088539123535e-01
5.122258200000000000e+07 6.462159752845764160e-02 4.371951147913932800e-02 -1.351796686649322510e-01 6.460995078086853027e-01
5.122268200000000000e+07 7.332713901996612549e-02 4.428242146968841553e-02 -1.083411276340484619e-01 6.400535106658935547e-01
5.122278200000000000e+07 6.475345045328140259e-02 4.790886864066123962e-02 1.992101967334747314e-01 5.778879523277282715e-01
5.122288200000000000e+07 6.823209673166275024e-02 4.757921770215034485e-02 1.242378354072570801e-01 6.064758300781250000e-01
5.122298200000000000e+07 4.922339692711830139e-02 5.840088427066802979e-02 -5.303862690925598145e-01 3.218594789505004883e-01
5.122308200000000000e+07 7.020559906959533691e-02 5.062738060951232910e-02 -1.372770965099334717e-01 5.381491780281066895e-01
5.122318200000000000e+07 7.000325620174407959e-02 4.145912826061248779e-02 -7.234349101781845093e-02 6.713930964469909668e-01
5.122328200000000000e+07 7.090768218040466309e-02 4.069740325212478638e-02 9.026163816452026367e-02 6.658106446266174316e-01
5.122338200000000000e+07 6.599559634923934937e-02 4.916657507419586182e-02 -7.948348671197891235e-02 5.913332104682922363e-01
5.122348200000000000e+07 7.131773978471755981e-02 4.819180816411972046e-02 -6.332424283027648926e-02 6.005578041076660156e-01
5.122358200000000000e+07 6.140043213963508606e-02 5.920688062906265259e-02 2.325465232133865356e-01 2.943337857723236084e-01
5.122368200000000000e+07 4.923678562045097351e-02 5.209834873676300049e-02 -1.051028221845626831e-01 -8.549560606479644775e-02
5.122378200000000000e+07 6.194205209612846375e-02 5.877860635519027710e-02 -1.905347853899002075e-01 -1.964800357818603516e-01
5.122388200000000000e+07 2.431593462824821472e-02 2.524019032716751099e-02 1.061215065419673920e-02 -3.805821016430854797e-02
5.122398200000000000e+07 5.099246650934219360e-02 3.689521923661231995e-02 -7.060208171606063843e-02 2.834264561533927917e-02
5.122408200000000000e+07 4.423202574253082275e-02 6.772333383560180664e-02 -5.651979446411132812e-01 9.351496398448944092e-02
5.122418200000000000e+07 4.347567260265350342e-02 5.606973543763160706e-02 -4.533167779445648193e-01 3.191298544406890869e-01
5.122428200000000000e+07 3.927342593669891357e-02 5.712319537997245789e-02 -5.631733536720275879e-01 1.487297415733337402e-01
5.122438200000000000e+07 3.986280784010887146e-02 6.535036861896514893e-02 -6.268094778060913086e-01 -1.196907758712768555e-01
5.122448200000000000e+07 6.345826387405395508e-02 6.628999859094619751e-02 -4.452596008777618408e-01 -5.275173187255859375e-01
5.122458200000000000e+07 5.150532722473144531e-02 6.167095899581909180e-02 -5.492811203002929688e-01 1.683800518512725830e-01
5.122468200000000000e+07 5.979794636368751526e-02 6.125599890947341919e-02 -4.844009876251220703e-01 -1.193323284387588501e-01
5.122478200000000000e+07 4.124256223440170288e-02 6.359700113534927368e-02 -6.189336180686950684e-01 -7.334291934967041016e-02
5.122488200000000000e+07 4.002601653337478638e-02 6.530438363552093506e-02 -6.079943180084228516e-01 -2.627001106739044189e-01
5.122498200000000000e+07 4.635307192802429199e-02 5.875836685299873352e-02 -5.286934971809387207e-01 2.381045222282409668e-01
5.122508200000000000e+07 4.576719179749488831e-02 6.569302082061767578e-02 -5.998258590698242188e-01 -8.924223482608795166e-02
5.122518200000000000e+07 5.079096928238868713e-02 5.840005725622177124e-02 -5.527573823928833008e-01 -3.063544929027557373e-01
5.122528200000000000e+07 3.564346209168434143e-02 6.490109860897064209e-02 -6.501920819282531738e-01 6.533946841955184937e-03
5.122538200000000000e+07 3.841029852628707886e-02 6.940442323684692383e-02 -5.920934677124023438e-01 -1.875636428594589233e-01
5.122548200000000000e+07 4.576094448566436768e-02 6.298874318599700928e-02 -5.189886093139648438e-01 -2.872956991195678711e-01
5.122558200000000000e+07 3.877036646008491516e-02 5.926594138145446777e-02 -6.307348012924194336e-01 -1.736561357975006104e-01
5.122568200000000000e+07 3.808211535215377808e-02 6.851265579462051392e-02 -6.334710121154785156e-01 -8.748190104961395264e-02
5.122578200000000000e+07 3.070412948727607727e-02 5.861014127731323242e-02 -7.044165134429931641e-01 -2.963308095932006836e-01
5.122588200000000000e+07 3.991695865988731384e-02 5.656116083264350891e-02 -5.798240900039672852e-01 -2.838958501815795898e-01
5.122598200000000000e+07 3.536641225218772888e-02 7.255300879478454590e-02 -7.006305456161499023e-01 1.261806041002273560e-01
5.122608200000000000e+07 3.675897791981697083e-02 6.068208813667297363e-02 -6.706670522689819336e-01 -1.317013055086135864e-01
5.122618200000000000e+07 3.822813555598258972e-02 6.260831654071807861e-02 -6.770284175872802734e-01 -2.357343584299087524e-01
5.122628200000000000e+07 3.776128962635993958e-02 6.201768293976783752e-02 -6.629904508590698242e-01 -3.157802522182464600e-01
5.122638200000000000e+07 4.047796130180358887e-02 6.636948883533477783e-02 -6.208541393280029297e-01 6.041372939944267273e-02
5.122648200000000000e+07 3.779068961739540100e-02 6.012402474880218506e-02 -6.443182826042175293e-01 -2.853938639163970947e-01
5.122658200000000000e+07 4.443143680691719055e-02 6.313897669315338135e-02 -5.658686757087707520e-01 -3.276791870594024658e-01
5.122668200000000000e+07 4.418692365288734436e-02 6.819852441549301147e-02 -6.117426753044128418e-01 -1.859098821878433228e-01
5.122678200000000000e+07 4.230690002441406250e-02 7.102811336517333984e-02 -6.437388658523559570e-01 -2.727682888507843018e-01
5.122688200000000000e+07 5.170076340436935425e-02 6.665828078985214233e-02 -5.043804645538330078e-01 -3.789115324616432190e-02
5.122698200000000000e+07 4.625186696648597717e-02 6.125935539603233337e-02 -5.420880913734436035e-01 9.932499378919601440e-03
5.122708200000000000e+07 4.662280157208442688e-02 6.200456619262695312e-02 -5.984047651290893555e-01 -3.257907330989837646e-01
5.122718200000000000e+07 4.839665442705154419e-02 5.939034000039100647e-02 -5.033391714096069336e-01 1.191935986280441284e-01
5.122728200000000000e+07 4.637338966131210327e-02 5.576260387897491455e-02 -5.085292458534240723e-01 -4.529053345322608948e-02
5.122738200000000000e+07 5.273002013564109802e-02 4.827270284295082092e-02 -2.419763505458831787e-01 -4.026916623115539551e-01
5.122748200000000000e+07 6.078691408038139343e-02 5.581583827733993530e-02 7.571363821625709534e-03 -2.666447460651397705e-01
5.122758200000000000e+07 2.809884957969188690e-02 2.785653248429298401e-02 -1.701856032013893127e-02 -6.039573624730110168e-02
5.122768200000000000e+07 2.473968267440795898e-02 2.825873717665672302e-02 2.215716801583766937e-02 -6.916655600070953369e-02
5.122778200000000000e+07 6.643825769424438477e-02 4.621903970837593079e-02 3.166189789772033691e-02 -6.425748467445373535e-01
5.122788200000000000e+07 7.546462118625640869e-02 5.137823522090911865e-02 -2.206098735332489014e-01 -7.120788097381591797e-01
5.122798200000000000e+07 7.318495213985443115e-02 4.771875217556953430e-02 5.335927009582519531e-02 -6.509494781494140625e-01
5.122808200000000000e+07 6.339234858751296997e-02 4.693377390503883362e-02 -1.151973828673362732e-01 -6.224954724311828613e-01
5.122818200000000000e+07 6.632877141237258911e-02 4.673080146312713623e-02 2.506882548332214355e-01 -6.759487390518188477e-01
5.122828200000000000e+07 6.924822181463241577e-02 6.177402287721633911e-02 2.094063013792037964e-01 -5.640196800231933594e-01
5.122838200000000000e+07 6.885234266519546509e-02 4.550569131970405579e-02 -1.253081560134887695e-01 -6.945863962173461914e-01
5.122848200000000000e+07 7.449655979871749878e-02 4.660803452134132385e-02 -7.048771530389785767e-02 -6.873695850372314453e-01
5.122858200000000000e+07 6.370311230421066284e-02 4.063374176621437073e-02 8.333890885114669800e-02 -6.828384995460510254e-01
5.122868200000000000e+07 8.209026604890823364e-02 4.791330546140670776e-02 -1.529954522848129272e-01 -7.347353696823120117e-01
5.122878200000000000e+07 8.175893872976303101e-02 5.182902142405509949e-02 -6.563887745141983032e-02 -6.724858880043029785e-01
5.122888200000000000e+07 7.205119729042053223e-02 4.348989203572273254e-02 -5.029198527336120605e-02 -7.639028429985046387e-01
5.122898200000000000e+07 6.430097669363021851e-02 4.142915457487106323e-02 -4.642597585916519165e-02 -6.537434458732604980e-01
5.122908200000000000e+07 7.189899682998657227e-02 4.706703871488571167e-02 -6.692787259817123413e-02 -6.624082922935485840e-01
5.122918200000000000e+07 6.530392915010452271e-02 5.321383476257324219e-02 1.939518004655838013e-01 -6.255526542663574219e-01
5.122928200000000000e+07 8.270984888076782227e-02 5.172709748148918152e-02 1.071475595235824585e-01 -6.379841566085815430e-01
5.122938200000000000e+07 5.824083462357521057e-02 4.101061075925827026e-02 -9.310492128133773804e-02 -6.685219407081604004e-01
5.122948200000000000e+07 6.461998075246810913e-02 4.505442455410957336e-02 -1.815566048026084900e-02 -6.965334415435791016e-01
5.122958200000000000e+07 7.588458806276321411e-02 5.257859081029891968e-02 1.405668705701828003e-01 -6.294545531272888184e-01
5.122968200000000000e+07 6.536891311407089233e-02 4.439507797360420227e-02 -4.051520675420761108e-02 -6.671956181526184082e-01
5.122978200000000000e+07 7.411619275808334351e-02 4.271858930587768555e-02 -1.185024008154869080e-01 -7.595424056053161621e-01
5.122988200000000000e+07 6.377775967121124268e-02 5.368354171514511108e-02 2.813472151756286621e-01 -6.163175702095031738e-01
5.122998200000000000e+07 7.778623700141906738e-02 4.599064588546752930e-02 -4.237347841262817383e-02 -7.437809109687805176e-01
5.123008200000000000e+07 6.638492643833160400e-02 4.968612641096115112e-02 -1.381798237562179565e-01 -6.048424243927001953e-01
5.123018200000000000e+07 6.902640312910079956e-02 6.060124561190605164e-02 3.330058753490447998e-01 -5.886985063552856445e-01
5.123028200000000000e+07 7.142587006092071533e-02 4.422014206647872925e-02 -4.500932246446609497e-02 -6.919651031494140625e-01
5.123038200000000000e+07 7.802939414978027344e-02 5.514400452375411987e-02 -5.543766543269157410e-03 -6.313259005546569824e-01
5.123048200000000000e+07 6.762799620628356934e-02 5.065682902932167053e-02 1.885789930820465088e-01 -5.903154611587524414e-01
5.123058200000000000e+07 8.033476769924163818e-02 4.630872234702110291e-02 -2.541946619749069214e-02 -6.717723608016967773e-01
5.123068200000000000e+07 7.230381667613983154e-02 5.688541382551193237e-02 -4.644626379013061523e-02 -5.676304697990417480e-01
5.123078200000000000e+07 6.957992166280746460e-02 5.124939233064651489e-02 1.389481574296951294e-01 -6.012988090515136719e-01
5.123088200000000000e+07 7.770069688558578491e-02 4.662685096263885498e-02 1.840065605938434601e-02 -6.102437376976013184e-01
5.123098200000000000e+07 6.486716866493225098e-02 4.762740060687065125e-02 -1.917373687028884888e-01 -6.525678634643554688e-01
5.123108200000000000e+07 7.280619442462921143e-02 4.676375165581703186e-02 1.525044888257980347e-01 -6.951584815979003906e-01
5.123118200000000000e+07 7.369626313447952271e-02 4.483915492892265320e-02 4.114373028278350830e-02 -7.305750846862792969e-01
5.123128200000000000e+07 7.856282591819763184e-02 4.812887310981750488e-02 4.740763455629348755e-03 -7.665774226188659668e-01
5.123138200000000000e+07 7.541350275278091431e-02 4.230579733848571777e-02 -9.320901706814765930e-03 -6.862383484840393066e-01
5.123148200000000000e+07 7.054089009761810303e-02 4.664811491966247559e-02 7.531899958848953247e-02 -6.739355921745300293e-01
5.123158200000000000e+07 7.637210935354232788e-02 4.572313278913497925e-02 2.539909444749355316e-02 -6.798853278160095215e-01
5.123168200000000000e+07 7.450785487890243530e-02 4.772925749421119690e-02 6.242697685956954956e-02 -6.894903182983398438e-01
5.123178200000000000e+07 6.989642232656478882e-02 5.422386527061462402e-02 2.269314676523208618e-01 -6.390464901924133301e-01
5.123188200000000000e+07 8.088997006416320801e-02 5.677983537316322327e-02 -3.589706867933273315e-02 -6.170785427093505859e-01
5.123198200000000000e+07 7.758710533380508423e-02 4.439163580536842346e-02 6.751542538404464722e-02 -7.225240468978881836e-01
5.123208200000000000e+07 5.847248435020446777e-02 5.314887687563896179e-02 2.503509521484375000e-01 -5.622324347496032715e-01
5.123218200000000000e+07 8.050749450922012329e-02 5.101123824715614319e-02 -1.635074466466903687e-01 -6.815446615219116211e-01
5.123228200000000000e+07 6.342361867427825928e-02 4.864009097218513489e-02 1.580110192298889160e-01 -4.458359479904174805e-01
5.123238200000000000e+07 4.727507755160331726e-02 5.431548878550529480e-02 3.043173849582672119e-01 -1.832858622074127197e-01
5.123248200000000000e+07 4.532936587929725647e-02 5.430934578180313110e-02 3.624723851680755615e-01 -2.548694014549255371e-01
5.123258200000000000e+07 4.306184127926826477e-02 6.061955541372299194e-02 6.769091486930847168e-01 1.027698367834091187e-01
5.123268200000000000e+07 4.823398962616920471e-02 5.387803912162780762e-02 5.456848740577697754e-01 2.476420253515243530e-01
5.123278200000000000e+07 3.812055662274360657e-02 6.094009056687355042e-02 7.159207463264465332e-01 -2.125789597630500793e-02
5.123288200000000000e+07 3.718199208378791809e-02 6.159977242350578308e-02 6.806691884994506836e-01 9.563848376274108887e-02
5.123298200000000000e+07 4.815433919429779053e-02 5.435186624526977539e-02 5.979680418968200684e-01 2.763327658176422119e-01
5.123308200000000000e+07 4.020452126860618591e-02 5.930824205279350281e-02 6.846284270286560059e-01 1.102464944124221802e-01
5.123318200000000000e+07 4.468883201479911804e-02 6.682586669921875000e-02 6.318527460098266602e-01 -7.428580522537231445e-02
5.123328200000000000e+07 4.016589373350143433e-02 5.891705676913261414e-02 7.000307440757751465e-01 3.132204115390777588e-01
5.123338200000000000e+07 4.456340149044990540e-02 6.302092969417572021e-02 6.220620870590209961e-01 2.047800123691558838e-01
5.123348200000000000e+07 3.465770184993743896e-02 5.887788161635398865e-02 7.500355243682861328e-01 -2.820689231157302856e-03
5.123358200000000000e+07 3.902387619018554688e-02 6.235383450984954834e-02 6.165673732757568359e-01 -1.428792178630828857e-01
5.123368200000000000e+07 4.033162817358970642e-02 5.743262544274330139e-02 6.316481828689575195e-01 6.934925913810729980e-02
5.123378200000000000e+07 3.965145722031593323e-02 6.185688450932502747e-02 6.749209761619567871e-01 1.851125806570053101e-01
5.123388200000000000e+07 4.574143514037132263e-02 6.506642699241638184e-02 6.110915541648864746e-01 -7.052914798259735107e-02
5.123398200000000000e+07 3.791100904345512390e-02 5.526897683739662170e-02 6.388823986053466797e-01 2.879766225814819336e-01
5.123408200000000000e+07 4.236259683966636658e-02 6.131648644804954529e-02 6.782446503639221191e-01 2.407365292310714722e-01
5.123418200000000000e+07 4.678014665842056274e-02 5.997546762228012085e-02 6.301833987236022949e-01 -3.741850256919860840e-01
5.123428200000000000e+07 4.182448238134384155e-02 6.584942340850830078e-02 6.288648843765258789e-01 6.516100466251373291e-02
5.123438200000000000e+07 4.434949904680252075e-02 5.662076920270919800e-02 6.245081424713134766e-01 5.683943256735801697e-02
5.123448200000000000e+07 4.262169823050498962e-02 6.006683781743049622e-02 6.824744343757629395e-01 -1.221394985914230347e-01
5.123458200000000000e+07 4.660631716251373291e-02 6.455533951520919800e-02 5.371175408363342285e-01 -2.385875731706619263e-01
5.123468200000000000e+07 4.388812556862831116e-02 6.275392323732376099e-02 6.677488088607788086e-01 1.092510074377059937e-01
5.123478200000000000e+07 5.045121535658836365e-02 4.619921371340751648e-02 4.601663947105407715e-01 3.577785193920135498e-01
5.123488200000000000e+07 4.148105531930923462e-02 5.994300916790962219e-02 6.845557093620300293e-01 5.031133815646171570e-02
5.123498200000000000e+07 4.423891752958297729e-02 6.170487031340599060e-02 5.844748616218566895e-01 -7.053698599338531494e-02
5.123508200000000000e+07 5.274219438433647156e-02 5.953967571258544922e-02 4.790517985820770264e-01 -5.622940137982368469e-02
5.123518200000000000e+07 3.808734193444252014e-02 6.170891970396041870e-02 6.726331710815429688e-01 -1.185497790575027466e-01
5.123528200000000000e+07 5.371236056089401245e-02 5.853168293833732605e-02 5.343734025955200195e-01 -2.991862967610359192e-02
5.123538200000000000e+07 4.541453346610069275e-02 6.310629099607467651e-02 6.161970496177673340e-01 -6.322936713695526123e-02
5.123548200000000000e+07 4.506587609648704529e-02 5.846276506781578064e-02 5.007195472717285156e-01 1.940731406211853027e-01
5.123558200000000000e+07 4.635304957628250122e-02 6.406593322753906250e-02 5.223823785781860352e-01 -1.544166207313537598e-01
5.123568200000000000e+07 5.443072319030761719e-02 5.782828480005264282e-02 2.139346748590469360e-01 -6.616489589214324951e-02
5.123578200000000000e+07 7.224303483963012695e-02 6.319260597229003906e-02 1.308903992176055908e-01 -2.745936214923858643e-01
5.123588200000000000e+07 6.845508515834808350e-02 5.768249928951263428e-02 3.054487518966197968e-02 -4.907384216785430908e-01
5.123598200000000000e+07 6.164218857884407043e-02 4.535737261176109314e-02 -2.437887638807296753e-01 -6.627680659294128418e-01
5.123608200000000000e+07 8.482677489519119263e-02 5.540712550282478333e-02 -5.164505541324615479e-02 -6.747567653656005859e-01
5.123618200000000000e+07 6.369457393884658813e-02 4.025139287114143372e-02 -1.073830425739288330e-01 -7.153338789939880371e-01
5.123628200000000000e+07 7.009418308734893799e-02 4.655693098902702332e-02 -2.734797298908233643e-01 -7.146480083465576172e-01
5.123638200000000000e+07 7.404530048370361328e-02 4.649311676621437073e-02 -1.103352755308151245e-01 -6.768747568130493164e-01
5.123648200000000000e+07 7.472688704729080200e-02 5.491613596677780151e-02 1.236261129379272461e-01 -6.530552506446838379e-01
5.123658200000000000e+07 6.251230090856552124e-02 3.827269747853279114e-02 -1.023541763424873352e-01 -7.078483104705810547e-01
5.123668200000000000e+07 5.793930217623710632e-02 3.962387889623641968e-02 -9.421022236347198486e-02 -6.382677555084228516e-01
5.123678200000000000e+07 6.888609379529953003e-02 5.559088289737701416e-02 2.825855910778045654e-01 -5.740141272544860840e-01
5.123688200000000000e+07 6.857432425022125244e-02 4.772838577628135681e-02 1.544347256422042847e-01 -6.305763125419616699e-01
5.123698200000000000e+07 7.112231105566024780e-02 4.768539220094680786e-02 -5.662327632308006287e-03 -6.075395345687866211e-01
5.123708200000000000e+07 7.105372846126556396e-02 4.708773642778396606e-02 -9.582745283842086792e-02 -6.622124910354614258e-01
5.123718200000000000e+07 6.406297534704208374e-02 5.077131465077400208e-02 2.520808577537536621e-01 -5.961061716079711914e-01
5.123728200000000000e+07 6.458803266286849976e-02 4.804451391100883484e-02 2.130624353885650635e-01 -6.368424892425537109e-01
5.123738200000000000e+07 7.271745055913925171e-02 4.356900230050086975e-02 -1.812683939933776855e-01 -6.876823902130126953e-01
5.123748200000000000e+07 7.158608734607696533e-02 5.765131115913391113e-02 2.655846178531646729e-01 -5.886365771293640137e-01
5.123758200000000000e+07 5.575499311089515686e-02 5.749927833676338196e-02 -4.374976158142089844e-01 -4.417924284934997559e-01
5.123768200000000000e+07 6.262547522783279419e-02 4.962937161326408386e-02 -2.600976824760437012e-01 -6.158271431922912598e-01
5.123778200000000000e+07 5.807035416364669800e-02 4.323030263185501099e-02 -9.814242273569107056e-02 -6.530354619026184082e-01
5.123788200000000000e+07 5.962029844522476196e-02 3.982144966721534729e-02 -1.601364649832248688e-02 -6.539268493652343750e-01
5.123798200000000000e+07 5.110048502683639526e-02 4.262671247124671936e-02 -2.582367658615112305e-01 -5.516098737716674805e-01
5.123808200000000000e+07 7.996411621570587158e-02 4.927438497543334961e-02 1.190943829715251923e-02 -6.481981277465820312e-01
5.123818200000000000e+07 6.144348531961441040e-02 4.696576669812202454e-02 9.647993743419647217e-02 -5.740199685096740723e-01
5.123828200000000000e+07 6.630691140890121460e-02 4.818724840879440308e-02 -7.773517817258834839e-02 -6.797215938568115234e-01
5.123838200000000000e+07 6.771159917116165161e-02 4.512418806552886963e-02 3.243111819028854370e-02 -6.970343589782714844e-01
5.123848200000000000e+07 6.157360598444938660e-02 4.389516264200210571e-02 8.384679257869720459e-02 -6.128417253494262695e-01
5.123858200000000000e+07 6.116484478116035461e-02 4.717522487044334412e-02 1.949390619993209839e-01 -6.226881146430969238e-01
5.123868200000000000e+07 6.943729519844055176e-02 4.150974750518798828e-02 1.191578954458236694e-01 -6.881514191627502441e-01
5.123878200000000000e+07 6.835641711950302124e-02 6.154509633779525757e-02 2.880825102329254150e-01 -4.826041758060455322e-01
5.123888200000000000e+07 5.896572768688201904e-02 4.816304519772529602e-02 2.479526847600936890e-01 -5.441286563873291016e-01
5.123898200000000000e+07 3.269590437412261963e-02 2.888535149395465851e-02 -9.632145054638385773e-03 -5.961610749363899231e-02
5.123908200000000000e+07 5.999449640512466431e-02 5.707512795925140381e-02 2.267703600227832794e-02 -1.983571797609329224e-01
5.123918200000000000e+07 4.206606000661849976e-02 5.715265497565269470e-02 3.690912723541259766e-01 -5.931097641587257385e-02
5.123928200000000000e+07 4.076302424073219299e-02 6.888762116432189941e-02 5.885255336761474609e-01 -2.247748151421546936e-02
5.123938200000000000e+07 4.190708324313163757e-02 6.475713104009628296e-02 6.553536653518676758e-01 1.600389033555984497e-01
5.123948200000000000e+07 3.545631095767021179e-02 6.281463056802749634e-02 6.891133785247802734e-01 2.544383332133293152e-02
5.123958200000000000e+07 6.142246350646018982e-02 6.490972638130187988e-02 4.958305060863494873e-01 1.151765882968902588e-01
5.123968200000000000e+07 4.547492042183876038e-02 5.880977958440780640e-02 6.215315461158752441e-01 1.611302942037582397e-01
5.123978200000000000e+07 4.179143160581588745e-02 6.084602698683738708e-02 5.850458145141601562e-01 -1.263852417469024658e-01
5.123988200000000000e+07 5.868596211075782776e-02 7.312136143445968628e-02 3.064135313034057617e-01 -3.778396844863891602e-01
5.123998200000000000e+07 8.257136493921279907e-02 8.279778808355331421e-02 -1.711779534816741943e-01 -2.870855033397674561e-01
5.124008200000000000e+07 7.127398252487182617e-02 6.772867590188980103e-02 -2.640866339206695557e-01 -3.530529439449310303e-01
5.124018200000000000e+07 4.032538086175918579e-02 6.046546995639801025e-02 -6.222631335258483887e-01 1.095419749617576599e-02
5.124028200000000000e+07 4.845581576228141785e-02 5.614089965820312500e-02 -5.648444294929504395e-01 -4.436236321926116943e-01
5.124038200000000000e+07 4.322823509573936462e-02 6.173565983772277832e-02 -5.782319903373718262e-01 -2.537536621093750000e-01
5.124048200000000000e+07 4.076972976326942444e-02 6.577432900667190552e-02 -6.202468276023864746e-01 -5.630720034241676331e-02
5.124058200000000000e+07 3.474319726228713989e-02 6.280929595232009888e-02 -6.544519662857055664e-01 -2.194654345512390137e-01
5.124068200000000000e+07 5.444548279047012329e-02 6.012852862477302551e-02 -4.864453375339508057e-01 -4.950484335422515869e-01
5.124078200000000000e+07 4.265625402331352234e-02 5.446034297347068787e-02 -6.201503276824951172e-01 -9.137974679470062256e-02
5.124088200000000000e+07 3.639657795429229736e-02 5.925049632787704468e-02 -5.779015421867370605e-01 -3.274108171463012695e-01
5.124098200000000000e+07 3.965084254741668701e-02 6.409682333469390869e-02 -6.475203037261962891e-01 -2.606092393398284912e-01
5.124108200000000000e+07 3.801418840885162354e-02 4.899034649133682251e-02 -5.581077337265014648e-01 -5.109601020812988281e-01
5.124118200000000000e+07 4.055364429950714111e-02 5.748128518462181091e-02 -5.763258337974548340e-01 -1.792812198400497437e-01
5.124128200000000000e+07 3.989954292774200439e-02 6.934728473424911499e-02 -7.057422995567321777e-01 -1.845243722200393677e-01
5.124138200000000000e+07 4.404868185520172119e-02 6.668104231357574463e-02 -6.409872770309448242e-01 -2.882038652896881104e-01
5.124148200000000000e+07 4.037642106413841248e-02 6.694930791854858398e-02 -6.104213595390319824e-01 -1.575992256402969360e-01
5.124158200000000000e+07 3.808046877384185791e-02 6.114504486322402954e-02 -6.479734778404235840e-01 -2.827632725238800049e-01
5.124168200000000000e+07 3.839515894651412964e-02 5.726890265941619873e-02 -5.805374383926391602e-01 -3.100486695766448975e-01
5.124178200000000000e+07 3.626546636223793030e-02 6.801906973123550415e-02 -7.049819827079772949e-01 -1.636816859245300293e-01
5.124188200000000000e+07 3.603222593665122986e-02 6.635259091854095459e-02 -6.307548880577087402e-01 -1.539954543113708496e-01
5.124198200000000000e+07 4.628682881593704224e-02 6.178249046206474304e-02 -5.683914422988891602e-01 -3.549025654792785645e-01
5.124208200000000000e+07 3.810212388634681702e-02 5.814822018146514893e-02 -5.900431275367736816e-01 -3.752087056636810303e-01
5.124218200000000000e+07 4.313201829791069031e-02 5.842217057943344116e-02 -5.125486254692077637e-01 -4.361263290047645569e-02
5.124228200000000000e+07 4.167832434177398682e-02 7.326480001211166382e-02 -6.826652288436889648e-01 -1.978655457496643066e-01
5.124238200000000000e+07 4.455429688096046448e-02 6.010415777564048767e-02 -5.272484421730041504e-01 -4.181396067142486572e-01
5.124248200000000000e+07 3.632270544767379761e-02 5.680224671959877014e-02 -6.288065314292907715e-01 -1.526960879564285278e-01
5.124258200000000000e+07 4.974960908293724060e-02 5.864036083221435547e-02 -5.216705799102783203e-01 -3.920768499374389648e-01
5.124268200000000000e+07 3.984779492020606995e-02 6.239908561110496521e-02 -5.350541472434997559e-01 -4.138388335704803467e-01
5.124278200000000000e+07 5.400880426168441772e-02 6.223893910646438599e-02 -3.567519485950469971e-01 3.036606311798095703e-01
5.124288200000000000e+07 7.200069725513458252e-02 5.696145445108413696e-02 -7.103566825389862061e-02 1.231183707714080811e-01
5.124298200000000000e+07 6.716649234294891357e-02 7.177536934614181519e-02 -4.283592849969863892e-02 9.801791608333587646e-02
5.124308200000000000e+07 4.033426567912101746e-02 5.856174975633621216e-02 5.927379131317138672e-01 8.632513880729675293e-02
5.124318200000000000e+07 4.063313454389572144e-02 6.567459553480148315e-02 6.603055596351623535e-01 2.289514839649200439e-01
5.124328200000000000e+07 3.501811251044273376e-02 6.290487200021743774e-02 6.728268265724182129e-01 -1.568783521652221680e-01
5.124338200000000000e+07 3.333533555269241333e-02 5.756352841854095459e-02 8.351790308952331543e-01 8.084151148796081543e-02
5.124348200000000000e+07 4.349539056420326233e-02 5.458635091781616211e-02 5.878869891166687012e-01 1.950009614229202271e-01
5.124358200000000000e+07 4.323262721300125122e-02 6.078666821122169495e-02 6.528249382972717285e-01 1.780597865581512451e-01
5.124368200000000000e+07 4.322020336985588074e-02 6.582500040531158447e-02 6.592916846275329590e-01 -6.462369859218597412e-02
5.124378200000000000e+07 4.602866619825363159e-02 5.206577852368354797e-02 4.831879436969757080e-01 3.002994954586029053e-01
5.124388200000000000e+07 5.234551057219505310e-02 5.255541205406188965e-02 4.681845307350158691e-01 8.800162374973297119e-02
5.124398200000000000e+07 3.713570535182952881e-02 6.146912649273872375e-02 6.679465174674987793e-01 1.275672465562820435e-01
5.124408200000000000e+07 4.456324130296707153e-02 5.595207214355468750e-02 6.457270383834838867e-01 1.755893379449844360e-01
5.124418200000000000e+07 3.940888121724128723e-02 5.935446545481681824e-02 6.843125224113464355e-01 6.527577340602874756e-02
5.124428200000000000e+07 3.742749616503715515e-02 6.107052788138389587e-02 7.294748425483703613e-01 7.089208066463470459e-02
5.124438200000000000e+07 5.594855174422264099e-02 5.537702515721321106e-02 5.353395938873291016e-01 1.791430860757827759e-01
5.124448200000000000e+07 3.959238901734352112e-02 5.433085188269615173e-02 5.670792460441589355e-01 1.581886261701583862e-01
5.124458200000000000e+07 3.785578534007072449e-02 6.462897360324859619e-02 6.186234951019287109e-01 -7.213850319385528564e-02
5.124468200000000000e+07 5.837401375174522400e-02 4.732496663928031921e-02 2.216980457305908203e-01 3.836030066013336182e-01
5.124478200000000000e+07 4.079331457614898682e-02 5.640035495162010193e-02 5.390650629997253418e-01 2.653423547744750977e-01
5.124488200000000000e+07 3.530808538198471069e-02 5.633129552006721497e-02 6.733255386352539062e-01 1.652012020349502563e-01
5.124498200000000000e+07 5.948013812303543091e-02 4.940028116106987000e-02 4.293429851531982422e-01 5.226617455482482910e-01
5.124508200000000000e+07 4.419245570898056030e-02 3.668760135769844055e-02 3.971081078052520752e-01 3.998042643070220947e-01
5.124518200000000000e+07 6.106357648968696594e-02 4.769231379032135010e-02 3.320385217666625977e-01 5.254954099655151367e-01
5.124528200000000000e+07 6.405030936002731323e-02 4.210903123021125793e-02 1.295530200004577637e-01 6.023930907249450684e-01
5.124538200000000000e+07 6.644531339406967163e-02 5.107159540057182312e-02 -1.346382647752761841e-01 4.990556240081787109e-01
5.124548200000000000e+07 6.148585677146911621e-02 4.086364805698394775e-02 -1.501636300235986710e-02 5.353208780288696289e-01
5.124558200000000000e+07 6.682925671339035034e-02 5.283040925860404968e-02 -1.090948358178138733e-01 4.391070902347564697e-01
5.124568200000000000e+07 7.124589383602142334e-02 4.232913628220558167e-02 -1.084949448704719543e-01 6.447210907936096191e-01
5.124578200000000000e+07 6.888003647327423096e-02 4.515080899000167847e-02 6.716403365135192871e-02 5.846421122550964355e-01
5.124588200000000000e+07 6.793437153100967407e-02 4.912550747394561768e-02 -1.875058114528656006e-01 5.707688331604003906e-01
5.124598200000000000e+07 6.176501885056495667e-02 5.395186692476272583e-02 -3.379134833812713623e-02 4.324861466884613037e-01
5.124608200000000000e+07 6.593119353055953979e-02 4.756828397512435913e-02 2.725747525691986084e-01 5.528978109359741211e-01
5.124618200000000000e+07 6.578199565410614014e-02 4.206228256225585938e-02 -1.680841892957687378e-01 6.262235641479492188e-01
5.124628200000000000e+07 6.761412322521209717e-02 5.183589085936546326e-02 -1.507887840270996094e-01 5.531175136566162109e-01
5.124638200000000000e+07 6.629909574985504150e-02 4.724565520882606506e-02 3.162168264389038086e-01 6.097386479377746582e-01
5.124648200000000000e+07 6.822974234819412231e-02 3.624950721859931946e-02 -1.258803755044937134e-01 6.766323447227478027e-01
5.124658200000000000e+07 6.612943857908248901e-02 4.398114234209060669e-02 -1.051570251584053040e-01 6.027628183364868164e-01
5.124668200000000000e+07 7.173538208007812500e-02 4.047348722815513611e-02 8.116593584418296814e-03 6.829656362533569336e-01
5.124678200000000000e+07 6.694266200065612793e-02 4.167985916137695312e-02 1.132608652114868164e-01 5.892780423164367676e-01
5.124688200000000000e+07 7.347536087036132812e-02 4.258793219923973083e-02 -2.698693796992301941e-02 6.585528850555419922e-01
5.124698200000000000e+07 6.541834026575088501e-02 3.944714367389678955e-02 -7.913017645478248596e-03 5.718225240707397461e-01
5.124708200000000000e+07 4.935509338974952698e-02 5.122829228639602661e-02 4.869220554828643799e-01 4.022593200206756592e-01
5.124718200000000000e+07 5.605503916740417480e-02 4.282698407769203186e-02 -4.050055444240570068e-01 5.447430610656738281e-01
5.124728200000000000e+07 6.841041892766952515e-02 4.333407431840896606e-02 4.621051251888275146e-02 5.998418927192687988e-01
5.124738200000000000e+07 6.472417712211608887e-02 3.944617882370948792e-02 1.950914561748504639e-01 6.348073482513427734e-01
5.124748200000000000e+07 7.046455144882202148e-02 4.569737985730171204e-02 6.538957357406616211e-02 6.008976697921752930e-01
5.124758200000000000e+07 6.073947250843048096e-02 4.293580353260040283e-02 5.500900745391845703e-02 5.867059230804443359e-01
5.124768200000000000e+07 6.552815437316894531e-02 4.411584511399269104e-02 1.254756599664688110e-01 5.778656005859375000e-01
5.124778200000000000e+07 6.222509592771530151e-02 3.788949176669120789e-02 2.298327833414077759e-01 6.523692607879638672e-01
5.124788200000000000e+07 6.004635244607925415e-02 4.808355495333671570e-02 1.128305792808532715e-01 5.176004767417907715e-01
5.124798200000000000e+07 6.358394771814346313e-02 3.802640363574028015e-02 2.590501494705677032e-02 6.496033072471618652e-01
5.124808200000000000e+07 6.655157357454299927e-02 3.398807719349861145e-02 3.783570230007171631e-02 6.881577372550964355e-01
5.124818200000000000e+07 6.744103878736495972e-02 4.398763179779052734e-02 -1.799354404211044312e-01 5.504211783409118652e-01
5.124828200000000000e+07 7.372631877660751343e-02 4.166721925139427185e-02 5.311161279678344727e-02 6.272105574607849121e-01
5.124838200000000000e+07 6.166785955429077148e-02 4.682230576872825623e-02 -2.605643570423126221e-01 5.469847321510314941e-01
5.124848200000000000e+07 4.767622426152229309e-02 4.486001282930374146e-02 -8.182214945554733276e-02 3.029925525188446045e-01
5.124858200000000000e+07 4.844612628221511841e-02 5.830962210893630981e-02 -2.519465684890747070e-01 -2.232191115617752075e-01
5.124868200000000000e+07 4.403124377131462097e-02 6.035496667027473450e-02 -5.519083738327026367e-01 -1.510818004608154297e-01
5.124878200000000000e+07 3.759025037288665771e-02 6.204806268215179443e-02 -7.071793675422668457e-01 -4.272848740220069885e-02
5.124888200000000000e+07 4.678895696997642517e-02 6.217304617166519165e-02 -6.229450702667236328e-01 -1.971822679042816162e-01
5.124898200000000000e+07 4.267916828393936157e-02 5.510084703564643860e-02 -6.727844476699829102e-01 -6.697942316532135010e-02
5.124908200000000000e+07 4.752501845359802246e-02 7.186842709779739380e-02 -5.796529650688171387e-01 4.949017986655235291e-02
5.124918200000000000e+07 3.706216439604759216e-02 6.441771984100341797e-02 -6.517530679702758789e-01 -4.252325370907783508e-02
5.124928200000000000e+07 4.423895850777626038e-02 5.753733217716217041e-02 -5.454174280166625977e-01 1.122982501983642578e-01
5.124938200000000000e+07 3.569217026233673096e-02 6.296615302562713623e-02 -6.314443945884704590e-01 -1.089729666709899902e-01
5.124948200000000000e+07 5.644803866744041443e-02 6.674697995185852051e-02 -5.337131619453430176e-01 -2.452708631753921509e-01
5.124958200000000000e+07 4.053375497460365295e-02 6.928630173206329346e-02 -6.577051877975463867e-01 -1.108353883028030396e-01
5.124968200000000000e+07 4.463613405823707581e-02 7.158954441547393799e-02 -6.561083793640136719e-01 -1.249175518751144409e-01
5.124978200000000000e+07 4.123969376087188721e-02 6.682564318180084229e-02 -6.659116148948669434e-01 -1.248624920845031738e-01
5.124988200000000000e+07 4.950125515460968018e-02 6.856838613748550415e-02 -6.076097488403320312e-01 4.066200181841850281e-02
5.124998200000000000e+07 3.940299153327941895e-02 5.938910692930221558e-02 -5.277150869369506836e-01 1.826800554990768433e-01
5.125008200000000000e+07 3.601723536849021912e-02 6.416421383619308472e-02 -7.136962413787841797e-01 5.836155638098716736e-02
5.125018200000000000e+07 4.033326730132102966e-02 6.623315811157226562e-02 -5.196841955184936523e-01 2.024532482028007507e-02
5.125028200000000000e+07 3.688997402787208557e-02 6.932134181261062622e-02 -7.686643004417419434e-01 -1.942562907934188843e-01
5.125038200000000000e+07 3.686222434043884277e-02 5.775906890630722046e-02 -5.273283720016479492e-01 -2.788275852799415588e-02
5.125048200000000000e+07 4.633571580052375793e-02 8.068651705980300903e-02 -6.267770528793334961e-01 -2.588641941547393799e-01
5.125058200000000000e+07 3.357017040252685547e-02 6.156076863408088684e-02 -6.852028965950012207e-01 -2.582764923572540283e-01
5.125068200000000000e+07 3.261964768171310425e-02 5.554960295557975769e-02 -6.597692966461181641e-01 1.285858303308486938e-01
5.125078200000000000e+07 4.276176542043685913e-02 6.246138736605644226e-02 -6.831759810447692871e-01 1.864154934883117676e-01
5.125088200000000000e+07 4.171691834926605225e-02 5.641003325581550598e-02 -5.139656662940979004e-01 -2.912249863147735596e-01
5.125098200000000000e+07 3.952475637197494507e-02 5.980722606182098389e-02 -6.388937234878540039e-01 2.085686475038528442e-01
5.125108200000000000e+07 4.438107460737228394e-02 6.294072419404983521e-02 -5.523133277893066406e-01 2.036161720752716064e-01
5.125118200000000000e+07 3.840597346425056458e-02 6.305794417858123779e-02 -6.152116060256958008e-01 -2.281370609998703003e-01
5.125128200000000000e+07 3.497939184308052063e-02 6.058386713266372681e-02 -6.592630147933959961e-01 5.077691003680229187e-02
5.125138200000000000e+07 4.157164692878723145e-02 6.472548097372055054e-02 -6.113706231117248535e-01 3.825395926833152771e-02
5.125148200000000000e+07 4.131426662206649780e-02 5.866261571645736694e-02 -5.172572135925292969e-01 -8.911497890949249268e-02
5.125158200000000000e+07 6.016434729099273682e-02 6.008478626608848572e-02 -2.474834769964218140e-01 -3.921951055526733398e-01
5.125168200000000000e+07 3.748644888401031494e-02 5.056069418787956238e-02 -4.968441128730773926e-01 -3.254918456077575684e-01
5.125178200000000000e+07 4.519905522465705872e-02 5.837082490324974060e-02 -5.751217007637023926e-01 -4.982386529445648193e-01
5.125188200000000000e+07 3.541655838489532471e-02 7.087098807096481323e-02 -6.261207461357116699e-01 7.560414075851440430e-02
5.125198200000000000e+07 4.419768229126930237e-02 6.697201728820800781e-02 -5.622814297676086426e-01 2.485433369874954224e-01
5.125208200000000000e+07 7.556293159723281860e-02 7.429374754428863525e-02 -1.667591780424118042e-01 3.122638165950775146e-01
5.125218200000000000e+07 7.263603806495666504e-02 6.376254558563232422e-02 2.131459414958953857e-01 2.315921038389205933e-01
5.125228200000000000e+07 6.108123436570167542e-02 4.132011905312538147e-02 2.260162495076656342e-02 5.795407891273498535e-01
5.125238200000000000e+07 6.739894300699234009e-02 4.266897588968276978e-02 2.533887922763824463e-01 6.079714894294738770e-01
5.125248200000000000e+07 6.776676326990127563e-02 3.617922961711883545e-02 1.125018745660781860e-01 7.372890114784240723e-01
5.125258200000000000e+07 5.964115634560585022e-02 4.125715792179107666e-02 8.395906537771224976e-02 5.837917923927307129e-01
5.125268200000000000e+07 6.640862673521041870e-02 3.904462233185768127e-02 1.167855709791183472e-01 6.162836551666259766e-01
5.125278200000000000e+07 6.597732752561569214e-02 3.668558970093727112e-02 7.528071850538253784e-02 7.120372653007507324e-01
5.125288200000000000e+07 6.797018647193908691e-02 3.943522647023200989e-02 5.385633558034896851e-02 6.802387237548828125e-01
5.125298200000000000e+07 7.357249408960342407e-02 3.668541088700294495e-02 2.157034538686275482e-02 7.309232950210571289e-01
5.125308200000000000e+07 6.531797349452972412e-02 4.800058528780937195e-02 4.364423155784606934e-01 6.023948788642883301e-01
5.125318200000000000e+07 7.374551892280578613e-02 4.526363313198089600e-02 -9.869725257158279419e-02 6.297408938407897949e-01
5.125328200000000000e+07 6.886015087366104126e-02 4.000607132911682129e-02 8.347259834408760071e-03 6.885766386985778809e-01
5.125338200000000000e+07 6.535530835390090942e-02 4.108330234885215759e-02 2.768143415451049805e-01 6.757650375366210938e-01
5.125348200000000000e+07 6.889255344867706299e-02 3.910720348358154297e-02 -6.891231238842010498e-02 6.843981146812438965e-01
5.125358200000000000e+07 6.970908492803573608e-02 4.439558833837509155e-02 -1.204831004142761230e-01 6.136925816535949707e-01
5.125368200000000000e+07 6.707820296287536621e-02 4.926233366131782532e-02 -1.246803030371665955e-01 5.504796504974365234e-01
5.125378200000000000e+07 7.084724307060241699e-02 4.307758808135986328e-02 2.582497298717498779e-01 6.090761423110961914e-01
5.125388200000000000e+07 6.224148347973823547e-02 5.100651085376739502e-02 -3.879601359367370605e-01 5.745326280593872070e-01
5.125398200000000000e+07 7.015185058116912842e-02 4.163622856140136719e-02 -2.942755818367004395e-03 6.693500876426696777e-01
5.125408200000000000e+07 5.187917500734329224e-02 4.618040844798088074e-02 4.486406445503234863e-01 4.779714643955230713e-01
5.125418200000000000e+07 5.944369360804557800e-02 4.527995362877845764e-02 3.423578143119812012e-01 6.150361299514770508e-01
5.125428200000000000e+07 6.244263797998428345e-02 4.137224704027175903e-02 -8.201041817665100098e-02 5.991166234016418457e-01
5.125438200000000000e+07 7.089258730411529541e-02 3.728125616908073425e-02 1.378689855337142944e-01 6.996932625770568848e-01
5.125448200000000000e+07 6.031399965286254883e-02 4.295461997389793396e-02 4.482136666774749756e-01 6.161476969718933105e-01
5.125458200000000000e+07 7.161893695592880249e-02 4.176091775298118591e-02 7.461778819561004639e-02 6.679179072380065918e-01
5.125468200000000000e+07 7.153648883104324341e-02 3.970141708850860596e-02 -6.446106731891632080e-02 6.570707559585571289e-01
5.125478200000000000e+07 6.149216368794441223e-02 4.298294335603713989e-02 3.522661030292510986e-01 5.762416720390319824e-01
5.125488200000000000e+07 7.085306942462921143e-02 4.721606522798538208e-02 -4.395137354731559753e-02 5.590964555740356445e-01
5.125498200000000000e+07 7.103662937879562378e-02 4.263800755143165588e-02 1.067153811454772949e-01 5.868084430694580078e-01
5.125508200000000000e+07 6.157731264829635620e-02 5.012865364551544189e-02 4.257065355777740479e-01 4.716320335865020752e-01
5.125518200000000000e+07 7.282838225364685059e-02 3.914229944348335266e-02 -5.646225064992904663e-03 6.879639625549316406e-01
5.125528200000000000e+07 6.963948905467987061e-02 4.054316133260726929e-02 5.356364697217941284e-02 6.435672640800476074e-01
5.125538200000000000e+07 6.474480777978897095e-02 4.530845582485198975e-02 4.411931037902832031e-01 5.918727517127990723e-01
5.125548200000000000e+07 6.212622672319412231e-02 4.483361169695854187e-02 4.013136029243469238e-01 5.660007596015930176e-01
5.125558200000000000e+07 5.672749504446983337e-02 3.800411894917488098e-02 1.797254085540771484e-01 5.552127957344055176e-01
5.125568200000000000e+07 6.026575341820716858e-02 3.896782174706459045e-02 2.449570745229721069e-01 5.901285409927368164e-01
5.125578200000000000e+07 7.134470343589782715e-02 3.778444975614547729e-02 -7.283987477421760559e-03 6.937813758850097656e-01
5.125588200000000000e+07 5.674003064632415771e-02 4.624710977077484131e-02 -1.634347140789031982e-01 5.125269889831542969e-01
5.125598200000000000e+07 6.411305814981460571e-02 4.103173688054084778e-02 -2.003069967031478882e-03 6.096404790878295898e-01
5.125608200000000000e+07 6.557537615299224854e-02 4.021957516670227051e-02 1.452491283416748047e-01 6.186819672584533691e-01
5.125618200000000000e+07 6.277035176753997803e-02 3.777125105261802673e-02 -5.242874845862388611e-02 6.097434759140014648e-01
5.125628200000000000e+07 7.181167602539062500e-02 4.630191996693611145e-02 1.432946473360061646e-01 5.391420722007751465e-01
5.125638200000000000e+07 6.819564849138259888e-02 4.067381471395492554e-02 3.346662223339080811e-01 6.173930764198303223e-01
5.125648200000000000e+07 6.297594308853149414e-02 3.472496941685676575e-02 6.362602859735488892e-02 6.384478211402893066e-01
5.125658200000000000e+07 6.607037037611007690e-02 4.648695886135101318e-02 -1.919470429420471191e-01 5.320333242416381836e-01
5.125668200000000000e+07 5.409187451004981995e-02 4.809924587607383728e-02 -3.260873854160308838e-01 4.199737608432769775e-01
5.125678200000000000e+07 6.299157440662384033e-02 8.334981650114059448e-02 4.377559721469879150e-01 -2.869192510843276978e-03
5.125688200000000000e+07 9.804797917604446411e-02 8.882370591163635254e-02 1.597860455513000488e-01 -3.788922131061553955e-01
5.125698200000000000e+07 4.566517844796180725e-02 4.199397563934326172e-02 -2.474824711680412292e-02 -1.070074886083602905e-01
5.125708200000000000e+07 5.911675095558166504e-02 6.087532639503479004e-02 3.755861818790435791e-01 -1.991873532533645630e-01
5.125718200000000000e+07 3.869790956377983093e-02 5.855215340852737427e-02 6.428992152214050293e-01 -1.869121491909027100e-01
5.125728200000000000e+07 4.371892660856246948e-02 5.901475995779037476e-02 5.760133266448974609e-01 -1.346534639596939087e-01
5.125738200000000000e+07 3.753013908863067627e-02 6.034410744905471802e-02 7.759290337562561035e-01 -1.872334629297256470e-03
5.125748200000000000e+07 4.000148549675941467e-02 5.920423567295074463e-02 7.156075239181518555e-01 1.251635700464248657e-01
5.125758200000000000e+07 5.213784426450729370e-02 6.568603962659835815e-02 4.800930917263031006e-01 -3.591264784336090088e-01
5.125768200000000000e+07 4.219169169664382935e-02 6.532664597034454346e-02 6.384641528129577637e-01 -3.413174450397491455e-01
5.125778200000000000e+07 4.215813428163528442e-02 6.625574082136154175e-02 6.588411331176757812e-01 -1.423382908105850220e-01
5.125788200000000000e+07 4.073141887784004211e-02 6.758555769920349121e-02 6.948852539062500000e-01 -7.594923675060272217e-02
5.125798200000000000e+07 5.166289955377578735e-02 6.757235527038574219e-02 5.546820163726806641e-01 -2.683874964714050293e-01
5.125808200000000000e+07 4.355667531490325928e-02 5.973555520176887512e-02 6.167005300521850586e-01 1.520927697420120239e-01
5.125818200000000000e+07 3.799043968319892883e-02 6.353334337472915649e-02 6.221516728401184082e-01 1.534211486577987671e-01
5.125828200000000000e+07 3.658404201269149780e-02 6.170509383082389832e-02 6.991094350814819336e-01 -1.628769189119338989e-01
5.125838200000000000e+07 4.005180671811103821e-02 6.772075593471527100e-02 6.690676212310791016e-01 -1.831264942884445190e-01
5.125848200000000000e+07 3.655742853879928589e-02 5.792703106999397278e-02 7.493739724159240723e-01 1.315075010061264038e-01
5.125858200000000000e+07 3.723670914769172668e-02 6.258578598499298096e-02 7.683613896369934082e-01 -2.060807123780250549e-02
5.125868200000000000e+07 3.748009726405143738e-02 6.344316154718399048e-02 6.296205520629882812e-01 -1.238242834806442261e-01
5.125878200000000000e+07 3.801282495260238647e-02 6.433991342782974243e-02 7.620553374290466309e-01 -7.417017221450805664e-02
5.125888200000000000e+07 4.439429193735122681e-02 5.836865305900573730e-02 6.397384405136108398e-01 9.511481225490570068e-02
5.125898200000000000e+07 3.974768519401550293e-02 6.906372308731079102e-02 7.110396027565002441e-01 -1.210092753171920776e-01
5.125908200000000000e+07 4.383116215467453003e-02 6.542816758155822754e-02 6.333156228065490723e-01 -2.428770214319229126e-01
5.125918200000000000e+07 4.226433485746383667e-02 5.778469517827033997e-02 6.041795015335083008e-01 1.544896364212036133e-01
5.125928200000000000e+07 3.675805404782295227e-02 5.871920287609100342e-02 6.945974230766296387e-01 6.397096812725067139e-02
5.125938200000000000e+07 5.431838333606719971e-02 6.604943424463272095e-02 4.870714843273162842e-01 -3.687858283519744873e-01
5.125948200000000000e+07 3.761428222060203552e-02 6.395155936479568481e-02 7.311344146728515625e-01 -1.153081059455871582e-01
5.125958200000000000e+07 4.019664600491523743e-02 6.096276268362998962e-02 6.957001090049743652e-01 5.939004942774772644e-02
5.125968200000000000e+07 4.285732284188270569e-02 6.631188839673995972e-02 6.584594249725341797e-01 -2.450049966573715210e-01
5.125978200000000000e+07 4.681412130594253540e-02 7.114358246326446533e-02 5.996798276901245117e-01 -3.218035995960235596e-01
5.125988200000000000e+07 3.895188495516777039e-02 6.440965831279754639e-02 7.188787460327148438e-01 -1.450797915458679199e-01
5.125998200000000000e+07 4.930147156119346619e-02 5.878427624702453613e-02 5.581555962562561035e-01 1.345844566822052002e-01
5.126008200000000000e+07 4.018848761916160583e-02 5.568945407867431641e-02 6.621006131172180176e-01 -1.724209263920783997e-02
5.126018200000000000e+07 5.446931719779968262e-02 6.131995469331741333e-02 4.992909729480743408e-01 -3.781967461109161377e-01
5.126028200000000000e+07 4.186981171369552612e-02 6.061663851141929626e-02 5.998091697692871094e-01 -6.127021089196205139e-02
5.126038200000000000e+07 3.847379237413406372e-02 6.104711070656776428e-02 7.640575766563415527e-01 -1.343375891447067261e-01
5.126048200000000000e+07 4.442717507481575012e-02 6.936992704868316650e-02 5.825507640838623047e-01 -3.515318334102630615e-01
5.126058200000000000e+07 3.811499476432800293e-02 6.800670921802520752e-02 6.623566746711730957e-01 7.486179471015930176e-02
5.126068200000000000e+07 4.158279299736022949e-02 6.215984001755714417e-02 6.574906110763549805e-01 6.959921121597290039e-02
5.126078200000000000e+07 4.410066455602645874e-02 6.678841263055801392e-02 6.408250331878662109e-01 -2.432580143213272095e-01
5.126088200000000000e+07 4.737600684165954590e-02 6.689695268869400024e-02 5.465086698532104492e-01 -3.182100951671600342e-01
5.126098200000000000e+07 7.158259302377700806e-02 6.742817908525466919e-02 1.464780420064926147e-01 -4.154596626758575439e-01
5.126108200000000000e+07 7.665283977985382080e-02 7.259424030780792236e-02 7.546376436948776245e-02 -2.735369801521301270e-01
5.126118200000000000e+07 6.998471170663833618e-02 6.604787707328796387e-02 -2.046826779842376709e-01 2.817172110080718994e-01
5.126128200000000000e+07 3.684094548225402832e-02 6.178065761923789978e-02 -7.206919789314270020e-01 3.040764853358268738e-02
5.126138200000000000e+07 4.449930414557456970e-02 7.126440107822418213e-02 -6.192041039466857910e-01 1.003534048795700073e-01
5.126148200000000000e+07 4.164169356226921082e-02 5.543401464819908142e-02 -6.625147461891174316e-01 1.968823820352554321e-01
5.126158200000000000e+07 3.895676881074905396e-02 6.380568444728851318e-02 -6.109366416931152344e-01 5.157853290438652039e-02
5.126168200000000000e+07 4.874255135655403137e-02 6.606531143188476562e-02 -5.744951963424682617e-01 -5.684599652886390686e-02
5.126178200000000000e+07 3.433318808674812317e-02 6.566468626260757446e-02 -7.563913464546203613e-01 -1.119248867034912109e-01
5.126188200000000000e+07 3.602064773440361023e-02 6.201039627194404602e-02 -5.934766530990600586e-01 -1.396017074584960938e-01
5.126198200000000000e+07 3.824936971068382263e-02 5.638734623789787292e-02 -5.282311439514160156e-01 -3.292722702026367188e-01
5.126208200000000000e+07 5.464893579483032227e-02 4.542660340666770935e-02 -2.656524479389190674e-01 -5.415908098220825195e-01
5.126218200000000000e+07 5.237577483057975769e-02 4.076796397566795349e-02 -2.984093129634857178e-01 -5.817956328392028809e-01
5.126228200000000000e+07 7.312801480293273926e-02 4.197106510400772095e-02 -1.255200356245040894e-01 -7.049075365066528320e-01
5.126238200000000000e+07 6.159667670726776123e-02 3.987946361303329468e-02 -6.666006892919540405e-02 -7.503055930137634277e-01
5.126248200000000000e+07 7.559381425380706787e-02 4.322625696659088135e-02 -5.045870691537857056e-02 -7.617728114128112793e-01
5.126258200000000000e+07 6.361892819404602051e-02 4.047154635190963745e-02 -2.698629498481750488e-01 -7.255252599716186523e-01
5.126268200000000000e+07 6.213905662298202515e-02 4.240573942661285400e-02 8.972068130970001221e-02 -6.385453343391418457e-01
5.126278200000000000e+07 7.121884077787399292e-02 5.051238462328910828e-02 -2.268100231885910034e-01 -6.404439210891723633e-01
5.126288200000000000e+07 6.162075698375701904e-02 5.006976053118705750e-02 -2.815214693546295166e-01 -5.562335848808288574e-01
5.126298200000000000e+07 7.918248325586318970e-02 4.751940071582794189e-02 -6.871703267097473145e-02 -7.817041873931884766e-01
5.126308200000000000e+07 6.321572512388229370e-02 3.800856694579124451e-02 -3.315252065658569336e-02 -6.631834506988525391e-01
5.126318200000000000e+07 5.847236886620521545e-02 3.801473975181579590e-02 -5.182053148746490479e-02 -6.443333625793457031e-01
5.126328200000000000e+07 7.494562119245529175e-02 4.597798362374305725e-02 -4.799579828977584839e-02 -7.377854585647583008e-01
5.126338200000000000e+07 6.717739254236221313e-02 3.904310613870620728e-02 3.818959742784500122e-02 -7.239469885826110840e-01
5.126348200000000000e+07 6.323977559804916382e-02 4.665339365601539612e-02 -1.119756698608398438e-01 -6.134697198867797852e-01
5.126358200000000000e+07 7.824193686246871948e-02 4.513812065124511719e-02 4.227006435394287109e-02 -7.806289792060852051e-01
5.126368200000000000e+07 7.053016126155853271e-02 5.772546678781509399e-02 1.707728356122970581e-01 -5.263658761978149414e-01
5.126378200000000000e+07 7.451972365379333496e-02 5.248820036649703979e-02 -2.159077674150466919e-02 -6.733250617980957031e-01
5.126388200000000000e+07 8.405688405036926270e-02 5.129560455679893494e-02 1.247272938489913940e-01 -6.527637243270874023e-01
5.126398200000000000e+07 6.915974617004394531e-02 6.275728344917297363e-02 2.795429527759552002e-01 -5.768733024597167969e-01
5.126408200000000000e+07 5.637355148792266846e-02 5.961359664797782898e-02 3.960820138454437256e-01 -4.670248329639434814e-01
5.126418200000000000e+07 7.711561024188995361e-02 4.765847697854042053e-02 1.002659872174263000e-01 -6.869959235191345215e-01
5.126428200000000000e+07 6.067083775997161865e-02 5.037316307425498962e-02 2.791491150856018066e-01 -6.616584658622741699e-01
5.126438200000000000e+07 7.129909098148345947e-02 4.260976612567901611e-02 7.994664460420608521e-02 -6.944811344146728516e-01
5.126448200000000000e+07 6.411843746900558472e-02 4.210223630070686340e-02 -2.345886081457138062e-01 -6.687542796134948730e-01
5.126458200000000000e+07 7.833046466112136841e-02 5.013858526945114136e-02 7.279605418443679810e-02 -6.996853351593017578e-01
5.126468200000000000e+07 5.749848112463951111e-02 4.195306822657585144e-02 -3.528038859367370605e-01 -6.800468564033508301e-01
5.126478200000000000e+07 5.661342665553092957e-02 4.544376954436302185e-02 -3.304369747638702393e-01 -6.072054505348205566e-01
5.126488200000000000e+07 7.465494424104690552e-02 5.004828423261642456e-02 -1.497881114482879639e-01 -6.645158529281616211e-01
5.126498200000000000e+07 6.201960518956184387e-02 5.117231607437133789e-02 2.442762404680252075e-01 -4.890265166759490967e-01
5.126508200000000000e+07 6.155537441372871399e-02 4.499470070004463196e-02 -3.157441318035125732e-01 -6.651954650878906250e-01
5.126518200000000000e+07 6.319685280323028564e-02 4.772835597395896912e-02 -3.279389739036560059e-01 -6.642743945121765137e-01
5.126528200000000000e+07 6.720313429832458496e-02 4.230641573667526245e-02 -3.747177496552467346e-02 -6.896812915802001953e-01
5.126538200000000000e+07 6.525723636150360107e-02 4.047350585460662842e-02 -1.233667973428964615e-02 -7.230805158615112305e-01
5.126548200000000000e+07 6.158923357725143433e-02 4.204008728265762329e-02 -1.381212174892425537e-01 -6.457446217536926270e-01
5.126558200000000000e+07 7.088936120271682739e-02 4.321633279323577881e-02 7.925650477409362793e-02 -7.536324858665466309e-01
5.126568200000000000e+07 7.048051059246063232e-02 4.632794111967086792e-02 1.870723254978656769e-02 -6.725295782089233398e-01
5.126578200000000000e+07 6.041404232382774353e-02 5.301540344953536987e-02 -3.089970946311950684e-01 -5.913892984390258789e-01
5.126588200000000000e+07 6.690448522567749023e-02 4.700184240937232971e-02 -1.951031088829040527e-01 -6.427162885665893555e-01
5.126598200000000000e+07 7.632511109113693237e-02 5.183437839150428772e-02 6.788628548383712769e-02 -7.166294455528259277e-01
5.126608200000000000e+07 6.758945435285568237e-02 4.675238579511642456e-02 -3.390108942985534668e-01 -6.948372125625610352e-01
5.126618200000000000e+07 6.474032998085021973e-02 4.364916682243347168e-02 -1.168825849890708923e-01 -7.196377515792846680e-01
5.126628200000000000e+07 7.549972087144851685e-02 4.892389103770256042e-02 -2.311408668756484985e-01 -7.052247524261474609e-01
5.126638200000000000e+07 6.963112950325012207e-02 4.167154803872108459e-02 -1.089636161923408508e-01 -7.102469205856323242e-01
5.126648200000000000e+07 5.421537160873413086e-02 4.822519794106483459e-02 -4.030299186706542969e-01 -6.169759035110473633e-01
5.126658200000000000e+07 6.120961159467697144e-02 4.446506872773170471e-02 -3.165908157825469971e-01 -7.007430791854858398e-01
5.126668200000000000e+07 7.537755370140075684e-02 4.575696215033531189e-02 -1.162839457392692566e-01 -6.868033409118652344e-01
5.126678200000000000e+07 6.030021980404853821e-02 4.029012471437454224e-02 -5.244047939777374268e-02 -7.210429906845092773e-01
5.126688200000000000e+07 6.655677407979965210e-02 4.171903431415557861e-02 -2.943553030490875244e-01 -7.064590454101562500e-01
5.126698200000000000e+07 6.165806949138641357e-02 4.801796004176139832e-02 7.756040245294570923e-02 -6.186384558677673340e-01
5.126708200000000000e+07 6.657967716455459595e-02 4.502590373158454895e-02 -2.532314956188201904e-01 -7.217571139335632324e-01
5.126718200000000000e+07 5.891416966915130615e-02 5.019461736083030701e-02 -4.032497704029083252e-01 -5.718973278999328613e-01
5.126728200000000000e+07 7.480169087648391724e-02 5.468177422881126404e-02 -7.830551266670227051e-02 -6.469412446022033691e-01
5.126738200000000000e+07 7.768251001834869385e-02 4.382830113172531128e-02 -1.992379277944564819e-01 -7.086200118064880371e-01
5.126748200000000000e+07 5.258324742317199707e-02 4.537602886557579041e-02 -3.636196255683898926e-01 -5.455011129379272461e-01
5.126758200000000000e+07 7.846868038177490234e-02 4.937467724084854126e-02 -2.204542011022567749e-01 -7.588431239128112793e-01
5.126768200000000000e+07 5.853698775172233582e-02 4.185782000422477722e-02 -2.243300676345825195e-01 -6.372192502021789551e-01
5.126778200000000000e+07 5.248399078845977783e-02 5.010500177741050720e-02 -3.222442865371704102e-01 -4.229927659034729004e-01
5.126788200000000000e+07 4.644755646586418152e-02 6.240077689290046692e-02 -5.078151822090148926e-01 -1.112293899059295654e-01
5.126798200000000000e+07 5.755644291639328003e-02 5.972015112638473511e-02 9.753625839948654175e-02 -1.342679560184478760e-01
5.126808200000000000e+07 5.191552266478538513e-02 4.838102310895919800e-02 2.530979812145233154e-01 2.658709287643432617e-01
5.126818200000000000e+07 2.920065447688102722e-02 3.011121414601802826e-02 -2.950614318251609802e-03 -1.025423556566238403e-01
5.126828200000000000e+07 3.319341316819190979e-02 5.339825525879859924e-02 6.369671225547790527e-02 -1.433785632252693176e-02
5.126838200000000000e+07 2.249603718519210815e-02 2.242188528180122375e-02 5.800902843475341797e-02 -5.078731849789619446e-02
5.126848200000000000e+07 4.213684797286987305e-02 2.767614088952541351e-02 -4.497107118368148804e-02 -1.102130487561225891e-02
5.126858200000000000e+07 3.577323257923126221e-02 3.712512180209159851e-02 -6.175629794597625732e-03 -1.406140998005867004e-02
5.126868200000000000e+07 3.958199545741081238e-02 3.418984264135360718e-02 -5.216215178370475769e-02 -5.895544961094856262e-02
5.126878200000000000e+07 6.647121161222457886e-02 5.797038972377777100e-02 1.900703608989715576e-01 -4.033490419387817383e-01
5.126888200000000000e+07 4.825340956449508667e-02 5.302165448665618896e-02 2.647897601127624512e-01 1.337904185056686401e-01
5.126898200000000000e+07 6.997537612915039062e-02 7.299833744764328003e-02 3.932383358478546143e-01 -3.736560940742492676e-01
5.126908200000000000e+07 5.494714900851249695e-02 6.027190759778022766e-02 1.764999181032180786e-01 1.375603079795837402e-01
5.126918200000000000e+07 6.770460307598114014e-02 5.128046497702598572e-02 -2.566762566566467285e-01 6.102592870593070984e-02
5.126928200000000000e+07 5.952380970120429993e-02 6.434900313615798950e-02 -2.061059027910232544e-01 5.184052512049674988e-02
5.126938200000000000e+07 5.768164619803428650e-02 4.752822965383529663e-02 -5.583773553371429443e-02 -7.269669324159622192e-03
5.126948200000000000e+07 2.361900173127651215e-02 2.478956058621406555e-02 6.727764382958412170e-03 -4.036726430058479309e-02
5.126958200000000000e+07 2.361278608441352844e-02 2.478823997080326080e-02 6.706763058900833130e-03 -4.041208699345588684e-02
5.126968200000000000e+07 2.370061725378036499e-02 2.483137324452400208e-02 6.514746695756912231e-03 -4.009651020169258118e-02
5.126978200000000000e+07 2.363994903862476349e-02 2.480199374258518219e-02 6.704205647110939026e-03 -4.026075080037117004e-02
5.126988200000000000e+07 2.360827662050724030e-02 2.478554658591747284e-02 6.735621020197868347e-03 -4.033767059445381165e-02
5.126998200000000000e+07 2.361478097736835480e-02 2.478861808776855469e-02 6.686097010970115662e-03 -4.037200286984443665e-02
5.127008200000000000e+07 2.361387573182582855e-02 2.478796802461147308e-02 6.646998226642608643e-03 -4.047035053372383118e-02
5.127018200000000000e+07 2.362090907990932465e-02 2.479223534464836121e-02 6.677594035863876343e-03 -4.036839678883552551e-02
5.127028200000000000e+07 2.361316047608852386e-02 2.478678897023200989e-02 6.765741854906082153e-03 -4.036803916096687317e-02
5.127038200000000000e+07 2.362655662000179291e-02 2.479423768818378448e-02 6.737768650054931641e-03 -4.031242802739143372e-02
5.127048200000000000e+07 2.362164482474327087e-02 2.479357458651065826e-02 6.650228053331375122e-03 -4.040171578526496887e-02
5.127058200000000000e+07 2.362511865794658661e-02 2.479217387735843658e-02 6.726479157805442810e-03 -4.030637815594673157e-02
5.127068200000000000e+07 2.363115362823009491e-02 2.479617111384868622e-02 6.687821820378303528e-03 -4.031651094555854797e-02
5.127078200000000000e+07 2.363654784858226776e-02 2.479966729879379272e-02 6.743706762790679932e-03 -4.030146077275276184e-02
5.127088200000000000e+07 2.359884046018123627e-02 2.478154376149177551e-02 6.703710183501243591e-03 -4.051559045910835266e-02
5.127098200000000000e+07 2.362904697656631470e-02 2.479539252817630768e-02 6.680930033326148987e-03 -4.027186706662178040e-02
5.127108200000000000e+07 2.359521761536598206e-02 2.478154376149177551e-02 6.802359595894813538e-03 -4.040457680821418762e-02
5.127118200000000000e+07 2.362432703375816345e-02 2.479469031095504761e-02 6.777392700314521790e-03 -4.026504233479499817e-02
5.127128200000000000e+07 2.360137365758419037e-02 2.478237263858318329e-02 6.735738366842269897e-03 -4.047082737088203430e-02
5.127138200000000000e+07 2.361343428492546082e-02 2.478976175189018250e-02 6.782799959182739258e-03 -4.036082699894905090e-02
5.127148200000000000e+07 2.364482916891574860e-02 2.480582334101200104e-02 6.687732413411140442e-03 -4.029672220349311829e-02
5.127158200000000000e+07 2.360456064343452454e-02 2.478664368391036987e-02 6.705882027745246887e-03 -4.049174860119819641e-02
5.127168200000000000e+07 2.363867685198783875e-02 2.480234578251838684e-02 6.723018363118171692e-03 -4.033296182751655579e-02
5.127178200000000000e+07 2.360545471310615540e-02 2.478492259979248047e-02 6.742240861058235168e-03 -4.040752723813056946e-02
5.127188200000000000e+07 2.362983301281929016e-02 2.479534037411212921e-02 6.740860641002655029e-03 -4.030047729611396790e-02
5.127198200000000000e+07 2.362828515470027924e-02 2.479391172528266907e-02 6.678622215986251831e-03 -4.025741294026374817e-02
5.127208200000000000e+07 2.363204583525657654e-02 2.479683421552181244e-02 6.735395640134811401e-03 -4.031773284077644348e-02
