5.114167200000000000e+07 2.357533574104309082e-02 2.476480230689048767e-02 6.734371185302734375e-03 -4.041125252842903137e-02
5.114177200000000000e+07 2.361117117106914520e-02 2.478500641882419586e-02 6.742984056472778320e-03 -4.038079455494880676e-02
5.114187200000000000e+07 2.363737486302852631e-02 2.479760348796844482e-02 6.741853430867195129e-03 -4.029207304120063782e-02
5.114197200000000000e+07 2.362452633678913116e-02 2.479461580514907837e-02 6.741955876350402832e-03 -4.033731296658515930e-02
5.114207200000000000e+07 2.361977286636829376e-02 2.479286678135395050e-02 6.698893383145332336e-03 -4.040985181927680969e-02
5.114217200000000000e+07 2.363224700093269348e-02 2.479629591107368469e-02 6.632421165704727173e-03 -4.040263965725898743e-02
5.114227200000000000e+07 2.359876222908496857e-02 2.478262968361377716e-02 6.764763966202735901e-03 -4.042823985219001770e-02
5.114237200000000000e+07 2.365787886083126068e-02 2.480835281312465668e-02 6.582802161574363708e-03 -4.028551653027534485e-02
5.114247200000000000e+07 2.360589616000652313e-02 2.478517033159732819e-02 6.804792210459709167e-03 -4.036610201001167297e-02
5.114257200000000000e+07 2.362733148038387299e-02 2.479346469044685364e-02 6.690679118037223816e-03 -4.024871066212654114e-02
5.114267200000000000e+07 2.361200563609600067e-02 2.478842809796333313e-02 6.698852404952049255e-03 -4.039515927433967590e-02
5.114277200000000000e+07 2.362469211220741272e-02 2.479346841573715210e-02 6.715493276715278625e-03 -4.034032300114631653e-02
5.114287200000000000e+07 2.364075556397438049e-02 2.480100654065608978e-02 6.729211658239364624e-03 -4.024099186062812805e-02
5.114297200000000000e+07 2.361584082245826721e-02 2.478943578898906708e-02 6.717240437865257263e-03 -4.035763815045356750e-02
5.114307200000000000e+07 2.360675856471061707e-02 2.478516660630702972e-02 6.808275356888771057e-03 -4.033114388585090637e-02
5.114317200000000000e+07 2.274440973997116089e-02 2.438975311815738678e-02 7.140485569834709167e-03 -4.562236741185188293e-02
5.114327200000000000e+07 4.705033078789710999e-02 5.558170378208160400e-02 4.783860743045806885e-01 3.919048905372619629e-01
5.114337200000000000e+07 6.152857095003128052e-02 5.696430057287216187e-02 1.280547529458999634e-01 -4.161792695522308350e-01
5.114347200000000000e+07 5.401215329766273499e-02 6.795880198478698730e-02 4.334038496017456055e-01 6.217775866389274597e-02
5.114357200000000000e+07 4.835593327879905701e-02 5.850279703736305237e-02 4.239118993282318115e-01 -3.314844965934753418e-01
5.114367200000000000e+07 5.797741189599037170e-02 5.478956177830696106e-02 6.446630507707595825e-02 -3.523027896881103516e-01
5.114377200000000000e+07 6.758262217044830322e-02 4.862821847200393677e-02 1.660720854997634888e-01 -6.037994027137756348e-01
5.114387200000000000e+07 6.957981735467910767e-02 6.429884582757949829e-02 -1.005865782499313354e-01 -1.851251870393753052e-01
5.114397200000000000e+07 5.013258010149002075e-02 4.992148652672767639e-02 -2.175086289644241333e-01 -1.261107474565505981e-01
5.114407200000000000e+07 6.571666896343231201e-02 4.360575228929519653e-02 -1.069639772176742554e-01 -8.403785526752471924e-02
5.114417200000000000e+07 4.511007666587829590e-02 5.334713682532310486e-02 -4.670011401176452637e-01 -4.474611580371856689e-01
5.114427200000000000e+07 5.565218254923820496e-02 6.009306013584136963e-02 -2.975108325481414795e-01 -2.670072019100189209e-01
5.114437200000000000e+07 6.870252639055252075e-02 5.680590122938156128e-02 -4.247701913118362427e-02 -2.193495035171508789e-01
5.114447200000000000e+07 5.156296119093894958e-02 5.195182934403419495e-02 -3.043471574783325195e-01 -9.791368246078491211e-02
5.114457200000000000e+07 6.453869491815567017e-02 6.469603627920150757e-02 -2.459795586764812469e-02 -3.678077161312103271e-01
5.114467200000000000e+07 5.537650361657142639e-02 5.185607075691223145e-02 1.635925658047199249e-02 -4.348812401294708252e-01
5.114477300000000000e+07 2.851196564733982086e-02 2.743906341493129730e-02 -1.928677968680858612e-02 -6.384749710559844971e-02
5.114487300000000000e+07 1.057186797261238098e-01 6.932518631219863892e-02 -7.105574756860733032e-02 1.053929924964904785e-01
5.114497300000000000e+07 5.213945731520652771e-02 5.625583976507186890e-02 -2.628049552440643311e-01 -3.747886419296264648e-01
5.114507300000000000e+07 2.384542673826217651e-02 2.495177648961544037e-02 6.902499124407768250e-03 -4.045297577977180481e-02
5.114517300000000000e+07 2.360487543046474457e-02 2.478110045194625854e-02 6.735907867550849915e-03 -4.035620763897895813e-02
5.114527300000000000e+07 2.360541746020317078e-02 2.478213049471378326e-02 6.753617897629737854e-03 -4.039396718144416809e-02
5.114537300000000000e+07 5.463610589504241943e-02 4.084802418947219849e-02 -9.775327146053314209e-02 -6.028186157345771790e-02
5.114547700000000000e+07 4.108547419309616089e-02 4.963408783078193665e-02 4.768278896808624268e-01 9.020547568798065186e-02
5.114557700000000000e+07 5.105893686413764954e-02 5.078489333391189575e-02 1.584564447402954102e-01 3.241617605090141296e-02
5.114567700000000000e+07 5.145815014839172363e-02 5.157612636685371399e-02 -8.175005763769149780e-02 2.370776236057281494e-01
5.114577700000000000e+07 5.924902483820915222e-02 5.074441805481910706e-02 1.534300111234188080e-02 3.236806988716125488e-01
5.114587700000000000e+07 5.597949028015136719e-02 4.560402408242225647e-02 2.018157094717025757e-01 5.260497927665710449e-01
5.114597700000000000e+07 6.865528970956802368e-02 4.859236627817153931e-02 9.685778617858886719e-02 5.738392472267150879e-01
5.114607700000000000e+07 6.132632493972778320e-02 4.363433271646499634e-02 -1.208709254860877991e-01 5.558227300643920898e-01
5.114617700000000000e+07 5.785705521702766418e-02 5.375383049249649048e-02 3.923094272613525391e-01 4.084829092025756836e-01
5.114627700000000000e+07 7.382949441671371460e-02 5.528487265110015869e-02 1.897015124559402466e-01 4.923451840877532959e-01
5.114637700000000000e+07 6.567999720573425293e-02 4.995736479759216309e-02 -7.473047822713851929e-02 4.912568628787994385e-01
5.114647700000000000e+07 7.056427747011184692e-02 4.463072493672370911e-02 -6.538475304841995239e-02 6.363604068756103516e-01
5.114657700000000000e+07 6.120304763317108154e-02 5.150302499532699585e-02 -4.535844027996063232e-01 5.701294541358947754e-01
5.114667700000000000e+07 6.573195755481719971e-02 5.343797430396080017e-02 1.070241034030914307e-01 5.260695219039916992e-01
5.114677700000000000e+07 7.252557575702667236e-02 5.633878335356712341e-02 1.020511537790298462e-01 5.298653841018676758e-01
5.114687700000000000e+07 6.057673320174217224e-02 5.816751718521118164e-02 -3.955086767673492432e-01 4.099070131778717041e-01
5.114697700000000000e+07 6.974139064550399780e-02 5.119463801383972168e-02 -2.398728132247924805e-01 4.778284728527069092e-01
5.114707700000000000e+07 3.204537183046340942e-02 3.448510542511940002e-02 -6.553255766630172729e-02 6.499047577381134033e-02
5.114717700000000000e+07 5.997173860669136047e-02 3.773336857557296753e-02 8.046853542327880859e-02 7.170643806457519531e-01
5.114727700000000000e+07 6.952162832021713257e-02 4.130597785115242004e-02 3.081039190292358398e-01 6.513843536376953125e-01
5.114737700000000000e+07 6.571492552757263184e-02 4.507776722311973572e-02 -8.910489082336425781e-02 6.075052618980407715e-01
5.114747700000000000e+07 5.719031020998954773e-02 5.713133886456489563e-02 -4.363135099411010742e-01 4.385153651237487793e-01
5.114757700000000000e+07 7.085755467414855957e-02 5.476494133472442627e-02 -3.546388149261474609e-01 5.424746870994567871e-01
5.114767700000000000e+07 6.921537965536117554e-02 3.642066940665245056e-02 5.868518352508544922e-02 7.345016002655029297e-01
5.114777700000000000e+07 6.541355699300765991e-02 4.430952295660972595e-02 1.668096929788589478e-01 6.397648453712463379e-01
5.114787700000000000e+07 6.306048482656478882e-02 5.441511422395706177e-02 -1.895990073680877686e-01 5.453397035598754883e-01
5.114797700000000000e+07 6.697785854339599609e-02 4.883994534611701965e-02 -1.815826743841171265e-01 5.943984389305114746e-01
5.114807700000000000e+07 6.915006786584854126e-02 4.742971807718276978e-02 8.792463690042495728e-02 6.079345941543579102e-01
5.114817700000000000e+07 5.870532244443893433e-02 3.229775652289390564e-02 1.048671305179595947e-01 6.326240897178649902e-01
5.114827700000000000e+07 5.729115754365921021e-02 3.716050460934638977e-02 -2.184720039367675781e-01 5.311668515205383301e-01
5.114837700000000000e+07 4.687763378024101257e-02 4.005584120750427246e-02 -2.926075458526611328e-01 4.023126065731048584e-01
5.114847700000000000e+07 7.040610164403915405e-02 4.428394883871078491e-02 -1.103605106472969055e-01 6.400372385978698730e-01
5.114857700000000000e+07 7.318964600563049316e-02 5.512687936425209045e-02 2.074837982654571533e-01 5.203385353088378906e-01
5.114867700000000000e+07 6.564179807901382446e-02 3.912720829248428345e-02 -2.320262491703033447e-01 6.521449089050292969e-01
5.114877700000000000e+07 7.138700038194656372e-02 6.113968789577484131e-02 -2.842725217342376709e-01 4.939993619918823242e-01
5.114887700000000000e+07 7.009856402873992920e-02 3.902106732130050659e-02 -2.130504511296749115e-02 7.006711959838867188e-01
5.114897700000000000e+07 6.238133087754249573e-02 5.382479354739189148e-02 -4.123113453388214111e-01 5.093255043029785156e-01
5.114907700000000000e+07 5.260799452662467957e-02 4.717229306697845459e-02 -4.630879163742065430e-01 5.345560312271118164e-01
5.114917700000000000e+07 6.355161219835281372e-02 3.669549524784088135e-02 -9.689584374427795410e-02 6.479145288467407227e-01
5.114927700000000000e+07 6.712162494659423828e-02 4.264837503433227539e-02 -1.748991161584854126e-01 5.973036885261535645e-01
5.114937700000000000e+07 5.784558877348899841e-02 4.417312145233154297e-02 -3.973762691020965576e-01 5.626020431518554688e-01
5.114947700000000000e+07 7.093997299671173096e-02 4.199676588177680969e-02 -1.962398141622543335e-01 6.433281898498535156e-01
5.114957700000000000e+07 7.391566038131713867e-02 4.346031323075294495e-02 1.891239285469055176e-01 6.489162445068359375e-01
5.114967700000000000e+07 6.932762265205383301e-02 5.136543512344360352e-02 -2.708108127117156982e-01 5.713441967964172363e-01
5.114977700000000000e+07 5.756586790084838867e-02 6.250494718551635742e-02 3.819006681442260742e-01 2.224643081426620483e-01
5.114987700000000000e+07 7.672956585884094238e-02 7.755204290151596069e-02 1.898846924304962158e-01 -3.197547793388366699e-01
5.114997700000000000e+07 6.164944916963577271e-02 5.505909770727157593e-02 2.057023346424102783e-01 -5.149043202400207520e-01
5.115007700000000000e+07 7.003109157085418701e-02 6.010656803846359253e-02 3.088483810424804688e-01 -5.664566159248352051e-01
5.115017700000000000e+07 7.451991736888885498e-02 5.257754772901535034e-02 1.238822191953659058e-01 -6.825464367866516113e-01
5.115027700000000000e+07 7.806924730539321899e-02 5.817667767405509949e-02 1.539380103349685669e-01 -6.028798818588256836e-01
5.115037700000000000e+07 7.345412671566009521e-02 4.577577114105224609e-02 4.248521476984024048e-02 -7.178965806961059570e-01
5.115047700000000000e+07 7.396747171878814697e-02 5.644499137997627258e-02 2.771270573139190674e-01 -6.980663537979125977e-01
5.115057700000000000e+07 6.769505143165588379e-02 4.606926441192626953e-02 1.114208400249481201e-01 -6.907816529273986816e-01
5.115067700000000000e+07 7.487768679857254028e-02 5.196501314640045166e-02 1.393822431564331055e-01 -7.226128578186035156e-01
5.115077700000000000e+07 7.435311377048492432e-02 4.485530033707618713e-02 2.643873393535614014e-01 -7.313277721405029297e-01
5.115087700000000000e+07 6.156380847096443176e-02 6.125609576702117920e-02 4.497977197170257568e-01 -5.671525001525878906e-01
5.115097700000000000e+07 6.990055739879608154e-02 4.341211542487144470e-02 1.980966329574584961e-01 -7.025546431541442871e-01
5.115107700000000000e+07 7.244321703910827637e-02 5.093171074986457825e-02 1.104848980903625488e-01 -6.524408459663391113e-01
5.115117700000000000e+07 5.690059810876846313e-02 5.770373344421386719e-02 4.882270395755767822e-01 -5.256491899490356445e-01
5.115127700000000000e+07 7.200678437948226929e-02 5.654206126928329468e-02 1.649479717016220093e-01 -6.000404357910156250e-01
5.115137700000000000e+07 6.738381087779998779e-02 4.476220160722732544e-02 -6.091862916946411133e-02 -7.102553844451904297e-01
5.115147700000000000e+07 7.631765305995941162e-02 4.452730715274810791e-02 -5.719090253114700317e-02 -7.387303709983825684e-01
5.115157700000000000e+07 6.441300362348556519e-02 5.127631872892379761e-02 2.631367743015289307e-01 -6.113925576210021973e-01
5.115167700000000000e+07 7.323729991912841797e-02 4.497422277927398682e-02 2.080255560576915741e-02 -7.080164551734924316e-01
5.115177700000000000e+07 7.740148901939392090e-02 4.666307196021080017e-02 4.927951842546463013e-03 -7.087669372558593750e-01
5.115187700000000000e+07 4.461501538753509521e-02 5.192152783274650574e-02 4.085364043712615967e-01 1.976938173174858093e-02
5.115197700000000000e+07 7.326617091894149780e-02 6.131574884057044983e-02 5.691378563642501831e-02 -2.036576122045516968e-01
5.115207700000000000e+07 6.956411898136138916e-02 6.046499684453010559e-02 2.540392577648162842e-01 -4.514879286289215088e-01
5.115217700000000000e+07 7.482779026031494141e-02 4.668924212455749512e-02 5.853284150362014771e-02 -7.168783545494079590e-01
5.115227700000000000e+07 8.600804209709167480e-02 4.307261109352111816e-02 -6.362745910882949829e-02 -7.874366641044616699e-01
5.115237700000000000e+07 7.090789079666137695e-02 4.499184340238571167e-02 1.911984942853450775e-02 -7.452079653739929199e-01
5.115247700000000000e+07 7.225831598043441772e-02 3.882180526852607727e-02 3.670436888933181763e-02 -7.407055497169494629e-01
5.115257700000000000e+07 6.822823733091354370e-02 4.552478343248367310e-02 -1.342775225639343262e-01 -7.133140563964843750e-01
5.115267700000000000e+07 7.941013574600219727e-02 4.588081687688827515e-02 1.784389168024063110e-01 -7.310403585433959961e-01
5.115277700000000000e+07 6.753400713205337524e-02 4.476875811815261841e-02 1.183807849884033203e-01 -6.873992085456848145e-01
5.115287700000000000e+07 6.705811619758605957e-02 4.608544707298278809e-02 -1.578378081321716309e-01 -7.165264487266540527e-01
5.115297700000000000e+07 7.189962267875671387e-02 5.169308185577392578e-02 2.162777781486511230e-01 -6.470851898193359375e-01
5.115307700000000000e+07 7.715547829866409302e-02 5.447240546345710754e-02 1.875429749488830566e-01 -6.860073208808898926e-01
5.115317700000000000e+07 5.431700125336647034e-02 4.439166933298110962e-02 3.291521072387695312e-01 -5.631774663925170898e-01
5.115327700000000000e+07 5.710546672344207764e-02 4.230183362960815430e-02 -9.204097092151641846e-02 -6.279662251472473145e-01
5.115337700000000000e+07 6.490780413150787354e-02 5.305277928709983826e-02 1.553665846586227417e-03 -5.204308629035949707e-01
5.115347700000000000e+07 6.575037539005279541e-02 5.030616000294685364e-02 -2.971987724304199219e-01 -8.972577750682830811e-02
5.115357700000000000e+07 4.879007488489151001e-02 6.409405916929244995e-02 -5.194567441940307617e-01 7.095257937908172607e-02
5.115367700000000000e+07 5.141248553991317749e-02 5.744015425443649292e-02 -4.842664301395416260e-01 -4.352371990680694580e-01
5.115377700000000000e+07 4.266384243965148926e-02 6.937652826309204102e-02 -6.654567718505859375e-01 -3.726069033145904541e-01
5.115387700000000000e+07 3.801152110099792480e-02 6.958951801061630249e-02 -7.047570943832397461e-01 -2.818481922149658203e-01
5.115397700000000000e+07 4.592351987957954407e-02 6.010191142559051514e-02 -6.281406879425048828e-01 -4.641825556755065918e-01
5.115407700000000000e+07 4.942687228322029114e-02 6.028399243950843811e-02 -5.928748846054077148e-01 -3.916825652122497559e-01
5.115417700000000000e+07 4.266456887125968933e-02 7.136308401823043823e-02 -6.761946082115173340e-01 -2.763913273811340332e-01
5.115427700000000000e+07 4.385022446513175964e-02 7.180830836296081543e-02 -6.724140644073486328e-01 -1.057057976722717285e-01
5.115437700000000000e+07 4.034783691167831421e-02 5.963230878114700317e-02 -6.357817649841308594e-01 -3.371990323066711426e-01
5.115447700000000000e+07 4.039373248815536499e-02 6.890759617090225220e-02 -6.482304930686950684e-01 -2.741356790065765381e-01
5.115457700000000000e+07 3.850754350423812866e-02 5.436883121728897095e-02 -5.431029200553894043e-01 -3.056701123714447021e-01
5.115467700000000000e+07 3.805638104677200317e-02 6.418082118034362793e-02 -7.188746333122253418e-01 -2.573109865188598633e-01
5.115477700000000000e+07 3.882118314504623413e-02 5.902867019176483154e-02 -5.910980105400085449e-01 -3.854607641696929932e-01
5.115487700000000000e+07 3.818226605653762817e-02 6.229964271187782288e-02 -6.635770201683044434e-01 1.496154218912124634e-01
5.115497700000000000e+07 3.541763499379158020e-02 6.851948797702789307e-02 -7.098256945610046387e-01 -1.542992442846298218e-01
5.115507700000000000e+07 4.226149991154670715e-02 5.797402933239936829e-02 -5.825567245483398438e-01 -3.629043400287628174e-01
5.115517700000000000e+07 3.980136662721633911e-02 5.981307104229927063e-02 -5.825495719909667969e-01 -1.796894967555999756e-01
5.115527700000000000e+07 3.660481050610542297e-02 5.735129490494728088e-02 -5.930495262145996094e-01 -3.721680343151092529e-01
5.115537700000000000e+07 3.838380053639411926e-02 7.441526651382446289e-02 -5.767349600791931152e-01 -1.298723518848419189e-01
5.115547700000000000e+07 3.748263418674468994e-02 6.184566020965576172e-02 -5.910449028015136719e-01 -1.975541189312934875e-02
5.115557700000000000e+07 3.576482459902763367e-02 6.462321430444717407e-02 -7.259444594383239746e-01 -1.068530380725860596e-01
5.115567700000000000e+07 4.521765187382698059e-02 6.160061061382293701e-02 -6.279326081275939941e-01 -2.639514803886413574e-01
5.115577700000000000e+07 4.893810674548149109e-02 5.814193189144134521e-02 -5.857079625129699707e-01 7.677558064460754395e-02
5.115587700000000000e+07 3.889020159840583801e-02 6.899020820856094360e-02 -6.544284224510192871e-01 -2.039210647344589233e-01
5.115597700000000000e+07 4.653050377964973450e-02 6.084762141108512878e-02 -5.556936860084533691e-01 -3.771092593669891357e-01
5.115607700000000000e+07 4.040262848138809204e-02 6.287511438131332397e-02 -6.450168490409851074e-01 -2.776275873184204102e-01
5.115617700000000000e+07 3.387916460633277893e-02 6.495235115289688110e-02 -6.385739445686340332e-01 -1.342436075210571289e-01
5.115627700000000000e+07 4.441994801163673401e-02 5.643326789140701294e-02 -5.651839971542358398e-01 -5.538549423217773438e-01
5.115637700000000000e+07 4.596366360783576965e-02 5.489282310009002686e-02 -5.043033957481384277e-01 -5.243807435035705566e-01
5.115647700000000000e+07 3.664456307888031006e-02 5.847804620862007141e-02 -5.976488590240478516e-01 -1.367078274488449097e-01
5.115657700000000000e+07 5.325314030051231384e-02 5.835608392953872681e-02 -5.023699402809143066e-01 -5.125137567520141602e-01
5.115667700000000000e+07 5.143772810697555542e-02 7.172489166259765625e-02 -4.967874288558959961e-01 -1.073208898305892944e-01
5.115677700000000000e+07 7.283227890729904175e-02 7.107620686292648315e-02 -2.618664503097534180e-01 3.584856986999511719e-01
5.115687700000000000e+07 7.512368261814117432e-02 5.881035327911376953e-02 -1.052092313766479492e-01 4.563608169555664062e-01
5.115697700000000000e+07 7.194836437702178955e-02 4.146369919180870056e-02 1.287770867347717285e-01 6.471388936042785645e-01
5.115707700000000000e+07 6.564449518918991089e-02 4.542627558112144470e-02 -2.605139911174774170e-01 6.165271401405334473e-01
5.115717700000000000e+07 6.743517518043518066e-02 5.176524072885513306e-02 -1.438459455966949463e-01 5.678255558013916016e-01
5.115727700000000000e+07 7.065858691930770874e-02 4.679146409034729004e-02 1.946469396352767944e-01 5.891923904418945312e-01
5.115737700000000000e+07 6.269103288650512695e-02 4.043941944837570190e-02 -3.103957474231719971e-01 5.753197669982910156e-01
5.115747700000000000e+07 7.313840836286544800e-02 4.442588612437248230e-02 -1.563584208488464355e-01 6.385278701782226562e-01
5.115757700000000000e+07 6.636059284210205078e-02 4.365486651659011841e-02 2.336748987436294556e-01 5.966952443122863770e-01
5.115767700000000000e+07 6.952764838933944702e-02 4.006592556834220886e-02 -2.325250059366226196e-01 6.010073423385620117e-01
5.115777700000000000e+07 6.844375282526016235e-02 4.570211470127105713e-02 8.043358102440834045e-03 6.153203248977661133e-01
5.115787700000000000e+07 7.393717765808105469e-02 4.168439283967018127e-02 1.815455965697765350e-02 6.246418356895446777e-01
5.115797700000000000e+07 6.433360278606414795e-02 4.047002270817756653e-02 -3.238984942436218262e-01 6.033706665039062500e-01
5.115807700000000000e+07 6.877405941486358643e-02 5.517653375864028931e-02 -1.016187369823455811e-01 5.391332507133483887e-01
5.115817700000000000e+07 6.923618167638778687e-02 5.057231336832046509e-02 2.767346799373626709e-01 5.650556683540344238e-01
5.115827700000000000e+07 6.483800709247589111e-02 4.305974021553993225e-02 -3.124375343322753906e-01 5.880473256111145020e-01
5.115837700000000000e+07 6.836152076721191406e-02 4.309828579425811768e-02 7.265059277415275574e-03 6.394470930099487305e-01
5.115847700000000000e+07 6.905982643365859985e-02 4.091812670230865479e-02 -8.066593110561370850e-02 6.637973189353942871e-01
5.115857700000000000e+07 6.102087721228599548e-02 4.828629642724990845e-02 -3.107228279113769531e-01 5.049287080764770508e-01
5.115867700000000000e+07 6.763740628957748413e-02 5.647721141576766968e-02 -1.041561216115951538e-01 5.287777185440063477e-01
5.115877700000000000e+07 6.395498663187026978e-02 4.061565920710563660e-02 1.257446855306625366e-01 6.127389669418334961e-01
5.115887700000000000e+07 6.540264934301376343e-02 4.332074150443077087e-02 -1.176515892148017883e-01 6.144123673439025879e-01
5.115897700000000000e+07 6.730089336633682251e-02 5.461977794766426086e-02 -2.791089713573455811e-01 5.351904630661010742e-01
5.115907700000000000e+07 6.950315088033676147e-02 3.985885530710220337e-02 2.083899676799774170e-01 6.790845394134521484e-01
5.115917700000000000e+07 6.929519772529602051e-02 4.337838664650917053e-02 2.694048918783664703e-02 5.893681049346923828e-01
5.115927700000000000e+07 5.794726684689521790e-02 4.255646839737892151e-02 -2.697525620460510254e-01 4.863195121288299561e-01
5.115937700000000000e+07 6.859557330608367920e-02 3.892626240849494934e-02 1.165746450424194336e-01 6.819525957107543945e-01
5.115947700000000000e+07 6.430803239345550537e-02 4.288759082555770874e-02 3.461755812168121338e-01 5.800251364707946777e-01
5.115957700000000000e+07 6.047137454152107239e-02 5.008560791611671448e-02 -3.084110021591186523e-01 5.164415836334228516e-01
5.115967700000000000e+07 7.235201448202133179e-02 6.066125258803367615e-02 -1.183761954307556152e-01 1.199637204408645630e-01
5.115977700000000000e+07 6.807295233011245728e-02 4.522779583930969238e-02 1.255216449499130249e-01 5.881379842758178711e-01
5.115987700000000000e+07 6.609272211790084839e-02 4.607034847140312195e-02 -2.767371535301208496e-01 5.860399007797241211e-01
5.115997700000000000e+07 7.011295855045318604e-02 4.955129697918891907e-02 -2.293326705694198608e-01 5.877555608749389648e-01
5.116007700000000000e+07 7.232459634542465210e-02 4.777213558554649353e-02 2.355599552392959595e-01 6.046018600463867188e-01
5.116017700000000000e+07 5.155000835657119751e-02 4.499113187193870544e-02 -4.631021022796630859e-01 5.007978081703186035e-01
5.116027700000000000e+07 6.675746291875839233e-02 5.798408761620521545e-02 -8.941850811243057251e-02 5.171515941619873047e-01
5.116037700000000000e+07 6.351338326930999756e-02 4.105307534337043762e-02 -2.134126126766204834e-01 6.761188507080078125e-01
5.116047700000000000e+07 6.878916919231414795e-02 4.518737643957138062e-02 2.481278330087661743e-01 6.305322647094726562e-01
5.116057700000000000e+07 6.399420648813247681e-02 5.331854149699211121e-02 -3.357182443141937256e-01 4.936335086822509766e-01
5.116067700000000000e+07 6.908490508794784546e-02 4.573410004377365112e-02 -2.741329669952392578e-01 6.248949170112609863e-01
5.116077700000000000e+07 6.605590879917144775e-02 4.716356098651885986e-02 3.289382755756378174e-01 5.718575119972229004e-01
5.116087700000000000e+07 6.859114021062850952e-02 5.431084707379341125e-02 1.859505176544189453e-01 5.029996633529663086e-01
5.116097700000000000e+07 6.730183959007263184e-02 5.045083537697792053e-02 -2.095193266868591309e-01 5.016155838966369629e-01
5.116107700000000000e+07 6.941673159599304199e-02 4.056358337402343750e-02 3.869961202144622803e-02 6.000167727470397949e-01
5.116117700000000000e+07 6.649167090654373169e-02 4.148194193840026855e-02 3.399442136287689209e-02 6.280546784400939941e-01
5.116127700000000000e+07 6.533053517341613770e-02 4.431255161762237549e-02 1.658257283270359039e-02 6.397326588630676270e-01
5.116137700000000000e+07 7.435514777898788452e-02 4.190290346741676331e-02 6.101600080728530884e-02 6.317707896232604980e-01
5.116147700000000000e+07 5.700754001736640930e-02 5.291460826992988586e-02 4.434425234794616699e-01 3.038534522056579590e-01
5.116157700000000000e+07 4.294330254197120667e-02 6.925059854984283447e-02 6.170718669891357422e-01 1.130175292491912842e-01
5.116167700000000000e+07 4.398576542735099792e-02 6.111845374107360840e-02 6.327237486839294434e-01 1.399944573640823364e-01
5.116177700000000000e+07 3.566546365618705750e-02 5.867692083120346069e-02 8.097983598709106445e-01 1.046616882085800171e-01
5.116187700000000000e+07 3.870379924774169922e-02 6.283655762672424316e-02 7.258231639862060547e-01 3.054317086935043335e-03
5.116197700000000000e+07 4.290899634361267090e-02 5.537310615181922913e-02 6.741548776626586914e-01 3.849869668483734131e-01
5.116207700000000000e+07 4.874401539564132690e-02 5.424185469746589661e-02 5.715201497077941895e-01 3.356077671051025391e-01
5.116217700000000000e+07 3.669631481170654297e-02 5.834621563553810120e-02 7.121373414993286133e-01 9.225495159626007080e-02
5.116227700000000000e+07 4.787191748619079590e-02 5.742999538779258728e-02 6.424541473388671875e-01 3.321219980716705322e-01
5.116237700000000000e+07 4.643353819847106934e-02 5.916860327124595642e-02 6.073743700981140137e-01 3.506537079811096191e-01
5.116247700000000000e+07 4.386393725872039795e-02 6.204945594072341919e-02 6.332466602325439453e-01 3.305211961269378662e-01
5.116257700000000000e+07 3.746746480464935303e-02 5.964517220854759216e-02 7.278794050216674805e-01 6.356580555438995361e-02
5.116267700000000000e+07 4.043301567435264587e-02 6.279452145099639893e-02 6.654683947563171387e-01 2.074141800403594971e-01
5.116277700000000000e+07 3.689253330230712891e-02 6.034395471215248108e-02 7.428714632987976074e-01 1.966353952884674072e-01
5.116287700000000000e+07 4.633457213640213013e-02 5.436857417225837708e-02 5.536487698554992676e-01 3.743958473205566406e-01
5.116297700000000000e+07 3.834050148725509644e-02 6.098997220396995544e-02 7.330955862998962402e-01 -9.744290262460708618e-03
5.116307700000000000e+07 4.121609404683113098e-02 5.638372153043746948e-02 6.530617475509643555e-01 3.219702243804931641e-01
5.116317700000000000e+07 4.149298369884490967e-02 6.003288924694061279e-02 6.778888106346130371e-01 1.939344704151153564e-01
5.116327700000000000e+07 3.761545568704605103e-02 6.270426511764526367e-02 7.356400489807128906e-01 2.600206136703491211e-01
5.116337700000000000e+07 3.789682313799858093e-02 6.471793353557586670e-02 6.741884350776672363e-01 1.885515078902244568e-02
5.116347700000000000e+07 3.741333633661270142e-02 5.977594852447509766e-02 7.386578321456909180e-01 2.581912279129028320e-01
5.116357700000000000e+07 4.191941395401954651e-02 5.438521876931190491e-02 6.608983278274536133e-01 3.028204441070556641e-01
5.116367700000000000e+07 3.727872669696807861e-02 6.043588370084762573e-02 7.492891550064086914e-01 1.949128806591033936e-01
5.116377700000000000e+07 4.522338882088661194e-02 5.660107731819152832e-02 6.415050625801086426e-01 1.736362278461456299e-01
5.116387700000000000e+07 4.713954776525497437e-02 6.451884657144546509e-02 5.885047912597656250e-01 2.303370237350463867e-01
5.116397700000000000e+07 5.528514832258224487e-02 5.923599004745483398e-02 5.167967081069946289e-01 4.594388306140899658e-01
5.116407700000000000e+07 4.138872772455215454e-02 6.133518740534782410e-02 6.768147945404052734e-01 -5.633099749684333801e-02
5.116417700000000000e+07 3.559943288564682007e-02 6.220393255352973938e-02 7.768149971961975098e-01 3.560164198279380798e-02
5.116427700000000000e+07 4.400380700826644897e-02 5.445321276783943176e-02 6.003590822219848633e-01 2.589340507984161377e-01
5.116437700000000000e+07 4.036347195506095886e-02 5.212459713220596313e-02 5.932464003562927246e-01 1.621135920286178589e-01
5.116447700000000000e+07 4.510738700628280640e-02 5.626559257507324219e-02 6.319953203201293945e-01 1.899809390306472778e-01
5.116457700000000000e+07 6.504472345113754272e-02 4.452464357018470764e-02 3.376248180866241455e-01 5.405484437942504883e-01
5.116467700000000000e+07 3.918015584349632263e-02 6.162515655159950256e-02 7.432024478912353516e-01 7.681538164615631104e-02
5.116477700000000000e+07 4.045904427766799927e-02 6.166324019432067871e-02 6.868683099746704102e-01 1.366302073001861572e-01
5.116487700000000000e+07 5.163661390542984009e-02 6.369657814502716064e-02 5.637412667274475098e-01 3.052097260951995850e-01
5.116497700000000000e+07 4.038802534341812134e-02 5.878386646509170532e-02 7.014400959014892578e-01 2.664849758148193359e-01
5.116507700000000000e+07 3.633174300193786621e-02 5.517251044511795044e-02 6.430778503417968750e-01 1.214284300804138184e-01
5.116517700000000000e+07 4.091124609112739563e-02 5.763157457113265991e-02 6.108976006507873535e-01 3.039566576480865479e-01
5.116527700000000000e+07 6.332066655158996582e-02 6.531769037246704102e-02 2.767931520938873291e-01 -3.130963146686553955e-01
5.116537700000000000e+07 7.347112894058227539e-02 7.612805813550949097e-02 6.667672097682952881e-02 -2.678958773612976074e-01
5.116547700000000000e+07 5.688052996993064880e-02 7.028829306364059448e-02 -3.876898586750030518e-01 -3.025521934032440186e-01
5.116557700000000000e+07 3.961338102817535400e-02 6.237585842609405518e-02 -6.201846599578857422e-01 -1.090882122516632080e-01
5.116567700000000000e+07 4.775410145521163940e-02 7.032801210880279541e-02 -5.944379568099975586e-01 -4.243585467338562012e-01
5.116577700000000000e+07 3.604383394122123718e-02 6.090179458260536194e-02 -6.617758870124816895e-01 -2.590132355690002441e-01
5.116587700000000000e+07 3.703348711133003235e-02 6.210106238722801208e-02 -6.587237119674682617e-01 -7.187148928642272949e-02
5.116597700000000000e+07 3.458375856280326843e-02 5.717381834983825684e-02 -5.974807143211364746e-01 -3.878364264965057373e-01
5.116607700000000000e+07 4.101363569498062134e-02 5.919493362307548523e-02 -5.975397825241088867e-01 -3.912094533443450928e-01
5.116617700000000000e+07 4.179402813315391541e-02 5.253231525421142578e-02 -5.017670989036560059e-01 -3.943260014057159424e-01
5.116627700000000000e+07 4.729787632822990417e-02 4.691936820745468140e-02 -3.370611071586608887e-01 -4.571317136287689209e-01
5.116637700000000000e+07 5.853724107146263123e-02 4.674844816327095032e-02 2.196892201900482178e-01 -5.464370250701904297e-01
5.116647700000000000e+07 6.053320318460464478e-02 5.527383461594581604e-02 3.014198839664459229e-01 -5.648591518402099609e-01
5.116657700000000000e+07 6.823489814996719360e-02 4.712208732962608337e-02 -4.525316506624221802e-02 -6.600182056427001953e-01
5.116667700000000000e+07 7.792015373706817627e-02 4.385114088654518127e-02 6.841824203729629517e-02 -7.625153660774230957e-01
5.116677700000000000e+07 7.001769542694091797e-02 4.581644386053085327e-02 2.146820276975631714e-01 -6.883507966995239258e-01
5.116687700000000000e+07 6.426031887531280518e-02 4.205580055713653564e-02 -5.168326571583747864e-02 -7.005029916763305664e-01
5.116697700000000000e+07 8.217616379261016846e-02 5.663155019283294678e-02 1.318155825138092041e-01 -6.259157657623291016e-01
5.116707700000000000e+07 7.487361878156661987e-02 4.940673708915710449e-02 7.823243737220764160e-02 -6.716720461845397949e-01
5.116717700000000000e+07 6.249128282070159912e-02 5.222667753696441650e-02 2.534534037113189697e-01 -5.450944900512695312e-01
5.116727700000000000e+07 7.747721672058105469e-02 5.089109763503074646e-02 -5.581162124872207642e-02 -6.942400336265563965e-01
5.116737700000000000e+07 7.863377034664154053e-02 5.379858613014221191e-02 1.281214654445648193e-01 -6.267339587211608887e-01
5.116747700000000000e+07 6.882669031620025635e-02 5.024949833750724792e-02 2.203513979911804199e-01 -5.451812148094177246e-01
5.116757700000000000e+07 7.777157425880432129e-02 6.848760694265365601e-02 6.593534350395202637e-02 -4.285815060138702393e-01
5.116767700000000000e+07 5.643737688660621643e-02 6.064876168966293335e-02 4.422232806682586670e-01 -5.856469869613647461e-01
5.116777700000000000e+07 6.531966477632522583e-02 4.928722977638244629e-02 1.833308637142181396e-01 -5.466504096984863281e-01
5.116787700000000000e+07 6.750618666410446167e-02 5.325216427445411682e-02 2.587448656558990479e-01 -5.738059282302856445e-01
5.116797700000000000e+07 4.621670767664909363e-02 6.185156479477882385e-02 4.915920197963714600e-01 -1.607477813959121704e-01
5.116807700000000000e+07 5.164670571684837341e-02 5.934484675526618958e-02 4.243712723255157471e-01 -3.944708704948425293e-01
5.116817700000000000e+07 6.714610010385513306e-02 6.321937590837478638e-02 3.648837506771087646e-01 -3.740274906158447266e-01
5.116827700000000000e+07 6.900080293416976929e-02 6.756521016359329224e-02 3.952369987964630127e-01 -5.479717254638671875e-01
5.116837700000000000e+07 6.791585683822631836e-02 5.966018885374069214e-02 2.246683984994888306e-01 -5.550941228866577148e-01
5.116847700000000000e+07 7.092939317226409912e-02 4.717542603611946106e-02 1.923828721046447754e-01 -6.421685218811035156e-01
5.116857700000000000e+07 7.323047518730163574e-02 5.370921269059181213e-02 -1.581746190786361694e-01 -6.561803817749023438e-01
5.116867700000000000e+07 6.933925300836563110e-02 4.663356766104698181e-02 -1.768809556961059570e-01 -6.749884486198425293e-01
5.116877700000000000e+07 6.733736395835876465e-02 4.517071694135665894e-02 -9.412212669849395752e-02 -6.335331797599792480e-01
5.116887700000000000e+07 7.040186971426010132e-02 5.176780000329017639e-02 -2.212317734956741333e-01 -6.394465565681457520e-01
5.116897700000000000e+07 5.977123975753784180e-02 4.690515622496604919e-02 -1.498194485902786255e-01 -5.973554253578186035e-01
5.116907700000000000e+07 7.268133759498596191e-02 4.992542043328285217e-02 1.951909214258193970e-01 -6.769874095916748047e-01
5.116917700000000000e+07 5.452056974172592163e-02 6.022713333368301392e-02 3.503253459930419922e-01 -4.358007013797760010e-01
5.116927700000000000e+07 6.883873045444488525e-02 4.917112737894058228e-02 1.165747195482254028e-01 -6.357883214950561523e-01
5.116937700000000000e+07 6.429273635149002075e-02 6.306295096874237061e-02 3.441860973834991455e-01 -4.657666385173797607e-01
5.116947700000000000e+07 7.147132605314254761e-02 5.648063868284225464e-02 2.352842539548873901e-01 -6.050628423690795898e-01
5.116957700000000000e+07 6.941673159599304199e-02 5.390698090195655823e-02 2.484797686338424683e-01 -6.562587022781372070e-01
5.116967700000000000e+07 8.139250427484512329e-02 5.326156690716743469e-02 2.116523236036300659e-01 -6.565091013908386230e-01
5.116977700000000000e+07 6.466744095087051392e-02 5.121933296322822571e-02 -2.969873510301113129e-02 -6.619262695312500000e-01
5.116987700000000000e+07 7.022726535797119141e-02 5.005389824509620667e-02 2.806902825832366943e-01 -6.675477623939514160e-01
5.116997700000000000e+07 6.912484765052795410e-02 4.544655606150627136e-02 -1.510628014802932739e-01 -7.135007977485656738e-01
5.117007700000000000e+07 7.811069488525390625e-02 4.895230382680892944e-02 1.077977567911148071e-01 -6.603397130966186523e-01
5.117017700000000000e+07 7.642886042594909668e-02 5.731488019227981567e-02 1.892489790916442871e-01 -6.548929214477539062e-01
5.117027700000000000e+07 5.723803490400314331e-02 5.679247900843620300e-02 3.951483368873596191e-01 -4.724819362163543701e-01
5.117037700000000000e+07 7.809406518936157227e-02 4.482593387365341187e-02 1.488777101039886475e-01 -7.587312459945678711e-01
5.117047700000000000e+07 6.430174410343170166e-02 4.692605137825012207e-02 1.289649009704589844e-01 -6.946361064910888672e-01
5.117057700000000000e+07 7.533613592386245728e-02 5.289339646697044373e-02 2.251056879758834839e-01 -7.174090147018432617e-01
5.117067700000000000e+07 7.263749837875366211e-02 5.429438129067420959e-02 2.489696294069290161e-01 -6.614522337913513184e-01
5.117077700000000000e+07 8.389281481504440308e-02 5.680123716592788696e-02 1.659406572580337524e-01 -5.709572434425354004e-01
5.117087700000000000e+07 6.279969215393066406e-02 4.598326608538627625e-02 -1.247689053416252136e-01 -6.658661961555480957e-01
5.117097700000000000e+07 7.229833304882049561e-02 6.715224683284759521e-02 -7.392903417348861694e-02 -3.666429519653320312e-01
5.117107700000000000e+07 6.743171066045761108e-02 6.154160201549530029e-02 -2.263020724058151245e-01 -1.383538097143173218e-01
5.117117700000000000e+07 5.032774060964584351e-02 6.328600645065307617e-02 -4.645053446292877197e-01 2.571453154087066650e-01
5.117127700000000000e+07 5.131131410598754883e-02 5.690931156277656555e-02 -5.010081529617309570e-01 3.681547567248344421e-02
5.117137700000000000e+07 4.467832297086715698e-02 6.441202014684677124e-02 -5.280407071113586426e-01 -3.103277459740638733e-02
5.117147700000000000e+07 4.033459350466728210e-02 5.750890821218490601e-02 -5.602026581764221191e-01 -2.968376576900482178e-01
5.117157700000000000e+07 4.742459207773208618e-02 6.721588224172592163e-02 -6.276726126670837402e-01 -1.653098165988922119e-01
5.117167700000000000e+07 5.624097585678100586e-02 5.796786025166511536e-02 -4.820882976055145264e-01 -2.531723678112030029e-01
5.117177700000000000e+07 5.307232588529586792e-02 4.822986945509910583e-02 -5.037781596183776855e-01 -5.716998130083084106e-03
5.117187700000000000e+07 4.502348974347114563e-02 6.633186340332031250e-02 -6.247092485427856445e-01 -1.865310966968536377e-01
5.117197700000000000e+07 4.345497116446495056e-02 6.255406141281127930e-02 -6.018633842468261719e-01 -4.201248586177825928e-01
5.117207700000000000e+07 4.597794637084007263e-02 6.014941260218620300e-02 -5.641425251960754395e-01 -4.158469736576080322e-01
5.117217700000000000e+07 3.868366777896881104e-02 5.990288034081459045e-02 -6.872912645339965820e-01 3.247569128870964050e-02
5.117227700000000000e+07 4.382988438010215759e-02 6.753125786781311035e-02 -6.461037993431091309e-01 -2.702536582946777344e-01
5.117237700000000000e+07 4.454436898231506348e-02 6.568577885627746582e-02 -6.382093429565429688e-01 -8.742138743400573730e-02
5.117247700000000000e+07 5.128536000847816467e-02 5.597904697060585022e-02 -5.279122591018676758e-01 -2.180800288915634155e-01
5.117257700000000000e+07 4.949129000306129456e-02 7.343456894159317017e-02 -6.286619901657104492e-01 -1.310092583298683167e-02
5.117267700000000000e+07 4.510392621159553528e-02 6.510447710752487183e-02 -6.129215955734252930e-01 -1.928220391273498535e-01
5.117277700000000000e+07 5.472606047987937927e-02 6.370022892951965332e-02 -5.619512200355529785e-01 -2.356827110052108765e-01
5.117287700000000000e+07 5.472011119127273560e-02 5.838130414485931396e-02 -5.137825608253479004e-01 -3.087659180164337158e-01
5.117297700000000000e+07 4.208764061331748962e-02 6.504108756780624390e-02 -6.253675818443298340e-01 -2.621200084686279297e-01
5.117307700000000000e+07 4.114618524909019470e-02 6.642514467239379883e-02 -6.680814027786254883e-01 -2.541862726211547852e-01
5.117317700000000000e+07 5.542401224374771118e-02 5.017205327749252319e-02 -4.897104203701019287e-01 -1.582834273576736450e-01
5.117327700000000000e+07 4.124924540519714355e-02 6.286266446113586426e-02 -6.190870404243469238e-01 -3.004327118396759033e-01
5.117337700000000000e+07 4.077041521668434143e-02 6.102734431624412537e-02 -6.453580856323242188e-01 5.896296724677085876e-02
5.117347700000000000e+07 4.546991735696792603e-02 6.074147298932075500e-02 -5.769023895263671875e-01 -4.507206976413726807e-01
5.117357700000000000e+07 4.522920399904251099e-02 6.860423088073730469e-02 -6.563485860824584961e-01 -2.873615324497222900e-01
5.117367700000000000e+07 5.221728980541229248e-02 4.968776926398277283e-02 -4.884650409221649170e-01 -6.296383738517761230e-01
5.117377700000000000e+07 4.240108653903007507e-02 6.586086750030517578e-02 -6.283048987388610840e-01 -8.864448964595794678e-02
5.117387700000000000e+07 5.377729609608650208e-02 6.517507880926132202e-02 -5.319758057594299316e-01 -1.714145690202713013e-01
5.117397700000000000e+07 4.180826991796493530e-02 6.519970297813415527e-02 -4.616973698139190674e-01 -1.984504312276840210e-01
5.117407700000000000e+07 4.508841410279273987e-02 7.006639242172241211e-02 -6.384246945381164551e-01 -5.400161817669868469e-02
5.117417700000000000e+07 3.681681677699089050e-02 6.556803733110427856e-02 -6.328465342521667480e-01 4.934905096888542175e-02
5.117427700000000000e+07 4.191418364644050598e-02 6.841462850570678711e-02 -4.455364942550659180e-01 1.473512053489685059e-01
5.117437700000000000e+07 6.852173060178756714e-02 5.412671342492103577e-02 1.920500770211219788e-03 5.477191209793090820e-01
5.117447700000000000e+07 5.959873646497726440e-02 6.031643971800804138e-02 2.344544380903244019e-01 -1.033989489078521729e-01
5.117457700000000000e+07 6.795228272676467896e-02 3.732891753315925598e-02 -4.819814115762710571e-02 6.652159094810485840e-01
5.117467700000000000e+07 6.249446049332618713e-02 4.536897316575050354e-02 -2.949950098991394043e-01 6.286504864692687988e-01
5.117477700000000000e+07 7.010158896446228027e-02 4.632806777954101562e-02 -9.934236854314804077e-02 6.188654303550720215e-01
5.117487700000000000e+07 7.498741894960403442e-02 3.718950599431991577e-02 5.439531803131103516e-02 7.241969108581542969e-01
5.117497700000000000e+07 6.164227426052093506e-02 3.736191987991333008e-02 -1.328518390655517578e-01 6.534832715988159180e-01
5.117507700000000000e+07 6.948450207710266113e-02 5.423182249069213867e-02 -2.211145758628845215e-01 5.468500256538391113e-01
5.117517700000000000e+07 6.452911347150802612e-02 4.223779588937759399e-02 -4.575693607330322266e-02 6.133038401603698730e-01
5.117527700000000000e+07 6.712093204259872437e-02 3.918579593300819397e-02 2.428775280714035034e-01 6.986224055290222168e-01
5.117537700000000000e+07 6.912362575531005859e-02 3.976635634899139404e-02 -3.832494467496871948e-02 6.748643517494201660e-01
5.117547700000000000e+07 4.935051128268241882e-02 5.470942333340644836e-02 -4.515856802463531494e-01 4.463684856891632080e-01
5.117557700000000000e+07 7.047853618860244751e-02 4.011819511651992798e-02 -1.099882796406745911e-01 6.872231960296630859e-01
5.117567700000000000e+07 6.605166196823120117e-02 3.841529786586761475e-02 -2.615946903824806213e-02 6.842093467712402344e-01
5.117577700000000000e+07 6.318900734186172485e-02 4.491014033555984497e-02 -1.875426769256591797e-01 6.334236264228820801e-01
5.117587700000000000e+07 6.423761695623397827e-02 5.704545974731445312e-02 -3.464103341102600098e-01 5.050655603408813477e-01
5.117597700000000000e+07 7.162240892648696899e-02 4.229763895273208618e-02 -1.623015850782394409e-01 6.618140339851379395e-01
5.117607700000000000e+07 6.347502022981643677e-02 4.238357767462730408e-02 2.644664347171783447e-01 6.590979695320129395e-01
5.117617700000000000e+07 6.490994989871978760e-02 5.227547138929367065e-02 -1.918912380933761597e-01 5.182021260261535645e-01
5.117627700000000000e+07 6.682094186544418335e-02 4.917431995272636414e-02 -3.641831576824188232e-01 5.903334617614746094e-01
5.117637700000000000e+07 6.026515737175941467e-02 4.420755803585052490e-02 -2.317566275596618652e-01 5.474045872688293457e-01
5.117647700000000000e+07 6.898178160190582275e-02 3.977680206298828125e-02 8.216416463255882263e-03 6.913586258888244629e-01
5.117657700000000000e+07 6.649156659841537476e-02 5.403000116348266602e-02 -3.039874732494354248e-01 5.274220705032348633e-01
5.117667700000000000e+07 6.795791536569595337e-02 4.299755766987800598e-02 -2.117065191268920898e-01 6.539975404739379883e-01
5.117677700000000000e+07 7.193275541067123413e-02 5.091770738363265991e-02 -3.058809638023376465e-01 5.697743296623229980e-01
5.117687700000000000e+07 7.144181430339813232e-02 4.064621776342391968e-02 -6.382629275321960449e-02 6.809123158454895020e-01
5.117697700000000000e+07 6.885284185409545898e-02 4.363205283880233765e-02 -7.084902375936508179e-02 6.470475196838378906e-01
5.117707700000000000e+07 6.751152873039245605e-02 5.420218408107757568e-02 -3.486746847629547119e-01 5.208005905151367188e-01
5.117717700000000000e+07 5.969764292240142822e-02 4.790844023227691650e-02 -2.747088372707366943e-01 4.869490265846252441e-01
5.117727700000000000e+07 7.253429293632507324e-02 4.474953934550285339e-02 -1.214249879121780396e-01 6.307274103164672852e-01
5.117737700000000000e+07 4.973910376429557800e-02 3.776405006647109985e-02 -4.898180067539215088e-02 4.966050386428833008e-03
5.117747700000000000e+07 7.097538560628890991e-02 4.879959300160408020e-02 -9.130804240703582764e-02 5.947788953781127930e-01
5.117757700000000000e+07 7.752972841262817383e-02 4.898256435990333557e-02 -5.883780121803283691e-02 5.930567383766174316e-01
5.117767700000000000e+07 5.225824937224388123e-02 5.090109631419181824e-02 3.069981038570404053e-01 2.089537531137466431e-01
5.117777700000000000e+07 6.651566177606582642e-02 3.874047100543975830e-02 1.957188732922077179e-02 6.159676909446716309e-01
5.117787700000000000e+07 5.963511765003204346e-02 5.853107571601867676e-02 -4.663359522819519043e-01 5.130255818367004395e-01
5.117797700000000000e+07 6.883250921964645386e-02 5.154785513877868652e-02 -3.824217319488525391e-01 5.142198204994201660e-01
5.117807700000000000e+07 7.726043462753295898e-02 4.386071860790252686e-02 -1.481373459100723267e-01 6.445738077163696289e-01
5.117817700000000000e+07 7.361310720443725586e-02 4.451760649681091309e-02 4.642289876937866211e-02 6.242042183876037598e-01
5.117827700000000000e+07 5.304227024316787720e-02 6.367262452840805054e-02 -5.342377424240112305e-01 4.566799104213714600e-01
5.117837700000000000e+07 7.634900510311126709e-02 4.495665431022644043e-02 -2.298215627670288086e-01 6.044379472732543945e-01
5.117847700000000000e+07 6.844397634267807007e-02 4.727828502655029297e-02 -3.006060421466827393e-01 5.564953684806823730e-01
5.117857700000000000e+07 7.599136978387832642e-02 6.614626199007034302e-02 3.148634135723114014e-01 3.886106312274932861e-01
5.117867700000000000e+07 6.186136975884437561e-02 7.323282212018966675e-02 3.914655148983001709e-01 -2.740970626473426819e-02
5.117877700000000000e+07 5.757145211100578308e-02 6.125825643539428711e-02 4.481768906116485596e-01 6.322782486677169800e-03
5.117887700000000000e+07 4.040637612342834473e-02 6.018112972378730774e-02 4.820879399776458740e-01 -5.239615216851234436e-02
5.117897700000000000e+07 3.949782997369766235e-02 6.674171239137649536e-02 6.278016567230224609e-01 1.627629697322845459e-01
5.117907700000000000e+07 5.138752982020378113e-02 6.264225393533706665e-02 5.571772456169128418e-01 1.332738101482391357e-01
5.117917700000000000e+07 5.699244141578674316e-02 5.813932418823242188e-02 4.621062278747558594e-01 2.991816699504852295e-01
5.117927700000000000e+07 4.408973082900047302e-02 6.121738627552986145e-02 6.491475701332092285e-01 -1.094586700201034546e-01
5.117937700000000000e+07 4.631960764527320862e-02 5.393714830279350281e-02 5.539398789405822754e-01 1.460817903280258179e-01
5.117947700000000000e+07 3.736887127161026001e-02 5.467969551682472229e-02 7.377291321754455566e-01 2.210247963666915894e-01
5.117957700000000000e+07 3.808315098285675049e-02 6.313969939947128296e-02 7.132500410079956055e-01 3.005599677562713623e-01
5.117967700000000000e+07 3.760111704468727112e-02 6.272516399621963501e-02 7.271046638488769531e-01 4.003014788031578064e-02
5.117977700000000000e+07 3.749212622642517090e-02 6.580668687820434570e-02 7.223100662231445312e-01 1.606473326683044434e-01
5.117987700000000000e+07 5.299837142229080200e-02 5.466367676854133606e-02 5.359693765640258789e-01 4.401561617851257324e-01
5.117997700000000000e+07 4.482417181134223938e-02 5.840779468417167664e-02 6.148726940155029297e-01 3.605584204196929932e-01
5.118007700000000000e+07 3.993065655231475830e-02 5.620955303311347961e-02 7.017198204994201660e-01 1.537434160709381104e-01
5.118017700000000000e+07 3.882738202810287476e-02 5.690808966755867004e-02 6.968424320220947266e-01 2.778612375259399414e-01
5.118027700000000000e+07 4.556549340486526489e-02 5.180199444293975830e-02 6.008217930793762207e-01 2.481296360492706299e-01
5.118037700000000000e+07 4.413140192627906799e-02 5.974341556429862976e-02 6.626611948013305664e-01 3.276187777519226074e-01
5.118047700000000000e+07 3.585821762681007385e-02 6.113174930214881897e-02 7.846553921699523926e-01 -1.260452866554260254e-01
5.118057700000000000e+07 3.587860241532325745e-02 6.504211574792861938e-02 7.647215723991394043e-01 2.654844149947166443e-02
5.118067700000000000e+07 3.981324657797813416e-02 5.705754086375236511e-02 7.031632661819458008e-01 3.125598728656768799e-01
5.118077700000000000e+07 4.467593505978584290e-02 5.980671942234039307e-02 6.332439184188842773e-01 3.021586835384368896e-01
5.118087700000000000e+07 3.474867343902587891e-02 6.167623773217201233e-02 7.849687933921813965e-01 1.633521541953086853e-02
5.118097700000000000e+07 4.311659932136535645e-02 5.577730014920234680e-02 6.637094616889953613e-01 1.325464844703674316e-01
5.118107700000000000e+07 4.959687963128089905e-02 4.905513301491737366e-02 5.453916788101196289e-01 3.947561979293823242e-01
5.118117700000000000e+07 3.851554915308952332e-02 5.819174274802207947e-02 7.089406847953796387e-01 2.792520448565483093e-02
5.118127700000000000e+07 6.482689082622528076e-02 5.229526013135910034e-02 2.606961131095886230e-01 4.388901889324188232e-01
5.118137700000000000e+07 5.454137548804283142e-02 6.065908446907997131e-02 5.367227196693420410e-01 3.429829478263854980e-01
5.118147700000000000e+07 3.739415854215621948e-02 6.891630589962005615e-02 7.402815222740173340e-01 5.086974427103996277e-02
5.118157700000000000e+07 4.586281254887580872e-02 6.052086874842643738e-02 5.164273381233215332e-01 -4.617442488670349121e-01
5.118167700000000000e+07 6.703647971153259277e-02 7.080381363630294800e-02 2.817299962043762207e-01 -4.804829657077789307e-01
5.118177700000000000e+07 6.525272876024246216e-02 5.215768516063690186e-02 6.945657730102539062e-02 -3.441426753997802734e-01
5.118187700000000000e+07 7.276227325201034546e-02 4.633193090558052063e-02 2.975724823772907257e-02 -7.285098433494567871e-01
5.118197700000000000e+07 7.917537540197372437e-02 5.118673667311668396e-02 7.713745534420013428e-02 -6.962486505508422852e-01
5.118207700000000000e+07 7.759640365839004517e-02 5.758227780461311340e-02 2.238215953111648560e-01 -6.832001805305480957e-01
5.118217700000000000e+07 6.737176328897476196e-02 4.341828078031539917e-02 -3.284699469804763794e-02 -7.026523351669311523e-01
5.118227700000000000e+07 6.488195806741714478e-02 4.629255458712577820e-02 3.718969970941543579e-02 -6.152499318122863770e-01
5.118237700000000000e+07 8.149655908346176147e-02 4.554824531078338623e-02 1.534727513790130615e-01 -7.223996520042419434e-01
5.118247700000000000e+07 6.325087696313858032e-02 6.488892436027526855e-02 4.249681532382965088e-01 -4.870763421058654785e-01
5.118257700000000000e+07 7.861791551113128662e-02 5.072902143001556396e-02 1.954095810651779175e-01 -6.307079195976257324e-01
5.118267700000000000e+07 6.982655078172683716e-02 5.021635070443153381e-02 -1.700593531131744385e-01 -6.199097037315368652e-01
5.118277700000000000e+07 4.347965493798255920e-02 6.367911398410797119e-02 5.115591287612915039e-01 -2.426090091466903687e-01
5.118287700000000000e+07 5.223906040191650391e-02 5.838686600327491760e-02 5.082960724830627441e-01 -5.082489252090454102e-01
5.118297700000000000e+07 7.108069956302642822e-02 6.268666684627532959e-02 3.278455436229705811e-01 -5.862554311752319336e-01
5.118307700000000000e+07 6.661828607320785522e-02 5.927243083715438843e-02 3.386254012584686279e-01 -5.697356462478637695e-01
5.118317700000000000e+07 7.369775325059890747e-02 4.884247109293937683e-02 7.810936123132705688e-02 -6.400506496429443359e-01
5.118327700000000000e+07 8.391777426004409790e-02 5.724342912435531616e-02 -4.386110603809356689e-02 -5.939809083938598633e-01
5.118337700000000000e+07 6.897687166929244995e-02 5.603333935141563416e-02 2.015933096408843994e-01 -6.442541480064392090e-01
5.118347700000000000e+07 5.814949423074722290e-02 5.615194514393806458e-02 3.499093949794769287e-01 -4.731101095676422119e-01
5.118357700000000000e+07 6.877463310956954956e-02 6.010841205716133118e-02 1.069529205560684204e-01 -5.317446589469909668e-01
5.118367700000000000e+07 8.588448911905288696e-02 5.668249353766441345e-02 1.919812858104705811e-01 -6.357876062393188477e-01
5.118377700000000000e+07 7.307180017232894897e-02 5.366759374737739563e-02 1.371790319681167603e-01 -6.652800440788269043e-01
5.118387700000000000e+07 7.019209116697311401e-02 5.134382471442222595e-02 -4.937181621789932251e-02 -6.566784381866455078e-01
5.118397700000000000e+07 6.498648226261138916e-02 4.611407220363616943e-02 -3.635792434215545654e-02 -6.722881197929382324e-01
5.118407700000000000e+07 8.592171967029571533e-02 4.741117730736732483e-02 3.560413420200347900e-02 -6.928592920303344727e-01
5.118417700000000000e+07 6.964577734470367432e-02 6.432341784238815308e-02 3.963691890239715576e-01 -4.696463346481323242e-01
5.118427700000000000e+07 7.956099510192871094e-02 4.483366757631301880e-02 -1.192182749509811401e-01 -7.546398043632507324e-01
5.118437700000000000e+07 8.049546182155609131e-02 5.423266068100929260e-02 6.262442469596862793e-02 -6.627292037010192871e-01
5.118447700000000000e+07 7.304601371288299561e-02 5.551041662693023682e-02 1.161866635084152222e-01 -6.456273794174194336e-01
5.118457700000000000e+07 6.843888759613037109e-02 4.137366637587547302e-02 -2.137276157736778259e-02 -8.029227852821350098e-01
5.118467700000000000e+07 6.046098843216896057e-02 4.435976594686508179e-02 -9.942466020584106445e-02 -6.775239706039428711e-01
5.118477700000000000e+07 7.863137125968933105e-02 4.904424399137496948e-02 1.904611885547637939e-01 -6.790705323219299316e-01
5.118487700000000000e+07 7.102769613265991211e-02 4.924277961254119873e-02 1.346472352743148804e-01 -6.741035580635070801e-01
5.118497700000000000e+07 7.035891711711883545e-02 4.882897809147834778e-02 -1.589785814285278320e-01 -6.957681775093078613e-01
5.118507700000000000e+07 8.058791607618331909e-02 4.264982417225837708e-02 -1.610823161900043488e-02 -7.834707498550415039e-01
5.118517700000000000e+07 6.993815302848815918e-02 5.430230498313903809e-02 1.598880290985107422e-01 -6.315251588821411133e-01
5.118527700000000000e+07 7.959971576929092407e-02 4.977592453360557556e-02 -1.833127737045288086e-01 -7.002670168876647949e-01
5.118537700000000000e+07 7.358691841363906860e-02 4.566304013133049011e-02 -8.499300479888916016e-02 -7.134945988655090332e-01
5.118547700000000000e+07 7.187669724225997925e-02 5.187878385186195374e-02 1.817212253808975220e-01 -6.159223914146423340e-01
5.118557700000000000e+07 7.786861062049865723e-02 4.910926148295402527e-02 9.288803488016128540e-02 -6.753920316696166992e-01
5.118567700000000000e+07 7.393455505371093750e-02 4.932976141571998596e-02 -1.878710091114044189e-01 -6.816179156303405762e-01
5.118577700000000000e+07 7.033043354749679565e-02 6.086099892854690552e-02 1.440292000770568848e-01 -5.270726680755615234e-01
5.118587700000000000e+07 7.199916988611221313e-02 5.146753415465354919e-02 1.296092271804809570e-01 -5.881900787353515625e-01
5.118597700000000000e+07 6.766917556524276733e-02 4.979476705193519592e-02 -2.224910855293273926e-01 -6.521188616752624512e-01
5.118607700000000000e+07 7.929276674985885620e-02 4.918124899268150330e-02 -1.638017445802688599e-01 -7.740091681480407715e-01
5.118617700000000000e+07 6.931177526712417603e-02 5.272224918007850647e-02 -7.612392306327819824e-03 -5.967914462089538574e-01
5.118627700000000000e+07 6.481177359819412231e-02 4.544022679328918457e-02 -2.184984236955642700e-01 -6.132255792617797852e-01
5.118637700000000000e+07 6.857014447450637817e-02 6.075545400381088257e-02 3.807787895202636719e-01 -5.653522014617919922e-01
5.118647700000000000e+07 6.011175364255905151e-02 6.316319108009338379e-02 3.989406824111938477e-01 -4.582920372486114502e-01
5.118657700000000000e+07 7.408842444419860840e-02 4.895507544279098511e-02 -6.050948053598403931e-03 -6.994845867156982422e-01
5.118667700000000000e+07 8.203936368227005005e-02 4.990806430578231812e-02 1.133670844137668610e-02 -7.010585069656372070e-01
5.118677700000000000e+07 7.076450437307357788e-02 5.172567069530487061e-02 5.824662744998931885e-02 -6.605670452117919922e-01
5.118687700000000000e+07 8.411446213722229004e-02 5.308777838945388794e-02 -4.026982933282852173e-02 -6.641903519630432129e-01
5.118697700000000000e+07 7.018559426069259644e-02 4.962203651666641235e-02 -6.904086470603942871e-02 -6.061394810676574707e-01
5.118707700000000000e+07 6.906819343566894531e-02 4.913785681128501892e-02 1.747899316251277924e-02 -6.192316412925720215e-01
5.118717700000000000e+07 6.779766827821731567e-02 6.108219921588897705e-02 -2.493721991777420044e-01 -4.868490993976593018e-01
5.118727700000000000e+07 7.097932696342468262e-02 5.809488892555236816e-02 -1.874606013298034668e-01 -5.296441316604614258e-01
5.118737700000000000e+07 6.475571542978286743e-02 4.852241650223731995e-02 -1.277924776077270508e-01 -6.427614092826843262e-01
5.118747700000000000e+07 4.784492403268814087e-02 5.207467824220657349e-02 -4.358655512332916260e-01 -4.759880900382995605e-01
5.118757700000000000e+07 6.458553671836853027e-02 5.265504866838455200e-02 7.099708169698715210e-02 -2.564934492111206055e-01
5.118767700000000000e+07 6.376962363719940186e-02 5.794070288538932800e-02 -3.970435857772827148e-01 -2.200973480939865112e-01
5.118777700000000000e+07 6.009774282574653625e-02 5.727050453424453735e-02 -2.782332301139831543e-01 -4.073432981967926025e-01
5.118787700000000000e+07 5.476753413677215576e-02 6.102599203586578369e-02 1.533521264791488647e-01 1.505535989999771118e-01
5.118797700000000000e+07 4.584623873233795166e-02 5.125724151730537415e-02 2.668425440788269043e-01 1.638045012950897217e-01
5.118807700000000000e+07 5.348858237266540527e-02 4.993523657321929932e-02 3.071064949035644531e-01 5.654419586062431335e-02
5.118817700000000000e+07 4.350621253252029419e-02 6.942577660083770752e-02 6.421925500035285950e-03 -5.154345184564590454e-03
5.118827700000000000e+07 3.040948510169982910e-02 3.984249755740165710e-02 1.996462605893611908e-02 -1.763664558529853821e-02
5.118837700000000000e+07 3.521657735109329224e-02 3.652660176157951355e-02 1.874124072492122650e-02 -1.314114406704902649e-02
5.118847700000000000e+07 4.946564882993698120e-02 4.963972419500350952e-02 1.790486089885234833e-02 -2.403737977147102356e-02
5.118857700000000000e+07 3.390810266137123108e-02 3.414957597851753235e-02 3.344310447573661804e-03 2.382677048444747925e-03
5.118867700000000000e+07 5.059799179434776306e-02 6.170003488659858704e-02 4.671185612678527832e-01 3.345767557621002197e-01
5.118877700000000000e+07 5.202041938900947571e-02 6.263550370931625366e-02 4.593134224414825439e-01 -8.543193340301513672e-02
5.118887700000000000e+07 6.854666769504547119e-02 7.284652441740036011e-02 2.629052996635437012e-01 -1.510193794965744019e-01
5.118897700000000000e+07 6.156843155622482300e-02 4.730974137783050537e-02 2.522342465817928314e-02 -1.309548169374465942e-01
5.118907700000000000e+07 2.361073717474937439e-02 2.478399686515331268e-02 6.751287728548049927e-03 -4.032145813107490540e-02
5.118917700000000000e+07 2.363294176757335663e-02 2.479739859700202942e-02 6.783677265048027039e-03 -4.028527811169624329e-02
5.118927700000000000e+07 2.361576445400714874e-02 2.478735521435737610e-02 6.807189434766769409e-03 -4.033346846699714661e-02
5.118937700000000000e+07 2.361573651432991028e-02 2.478828281164169312e-02 6.736712530255317688e-03 -4.036574438214302063e-02
5.118947700000000000e+07 2.361188828945159912e-02 2.478832937777042389e-02 6.761720404028892517e-03 -4.035567119717597961e-02
5.118957700000000000e+07 2.361595071852207184e-02 2.478837966918945312e-02 6.776655092835426331e-03 -4.029296711087226868e-02
5.118967700000000000e+07 2.365249767899513245e-02 2.480771765112876892e-02 6.693668663501739502e-03 -4.019911959767341614e-02
5.118977700000000000e+07 2.363595180213451385e-02 2.479925192892551422e-02 6.798649206757545471e-03 -4.025949910283088684e-02
5.118987700000000000e+07 2.362760156393051147e-02 2.479376085102558136e-02 6.775498390197753906e-03 -4.025780037045478821e-02
5.118997700000000000e+07 2.362266369163990021e-02 2.479297667741775513e-02 6.735986098647117615e-03 -4.025783017277717590e-02
5.119007700000000000e+07 2.364898845553398132e-02 2.480577304959297180e-02 6.771095097064971924e-03 -4.012363031506538391e-02
5.119017700000000000e+07 2.363424561917781830e-02 2.479708380997180939e-02 6.722183898091316223e-03 -4.026730731129646301e-02
5.119027700000000000e+07 2.364576235413551331e-02 2.480310760438442230e-02 6.775416433811187744e-03 -4.021306708455085754e-02
5.119037700000000000e+07 2.361179701983928680e-02 2.478788234293460846e-02 6.782131269574165344e-03 -4.032160714268684387e-02
5.119047700000000000e+07 2.362445183098316193e-02 2.479350566864013672e-02 6.780041381716728210e-03 -4.030214622616767883e-02
5.119057700000000000e+07 2.362655662000179291e-02 2.479519508779048920e-02 6.736913695931434631e-03 -4.030867293477058411e-02
5.119067700000000000e+07 2.362786605954170227e-02 2.479483373463153839e-02 6.719497963786125183e-03 -4.030530527234077454e-02
5.119077700000000000e+07 2.361117117106914520e-02 2.478804811835289001e-02 6.748268380761146545e-03 -4.035361483693122864e-02
5.119087700000000000e+07 2.361785434186458588e-02 2.478791959583759308e-02 6.755506619811058044e-03 -4.029725864529609680e-02
5.119097700000000000e+07 2.362971939146518707e-02 2.479816414415836334e-02 6.771771237254142761e-03 -4.024644568562507629e-02
5.119107700000000000e+07 2.363084256649017334e-02 2.479937672615051270e-02 6.754359230399131775e-03 -4.032485559582710266e-02
5.119117700000000000e+07 2.365042269229888916e-02 2.480511367321014404e-02 6.754754111170768738e-03 -4.018657281994819641e-02
5.119127700000000000e+07 2.362043224275112152e-02 2.479029260575771332e-02 6.706239655613899231e-03 -4.034366086125373840e-02
5.119137700000000000e+07 2.364508435130119324e-02 2.480511926114559174e-02 6.741859018802642822e-03 -4.022984579205513000e-02
5.119147700000000000e+07 2.362780831754207611e-02 2.479647286236286163e-02 6.761318072676658630e-03 -4.033084586262702942e-02
