5.106127600000000000e+07 2.594904787838459015e-02 2.699045464396476746e-02 -4.843777045607566833e-03 -4.528637602925300598e-02
5.106137600000000000e+07 7.254410535097122192e-02 6.432849168777465820e-02 -2.653720974922180176e-02 -2.583356797695159912e-01
5.106147600000000000e+07 2.249481528997421265e-02 2.443647757172584534e-02 3.279520198702812195e-03 -4.822291806340217590e-02
5.106157600000000000e+07 2.591858431696891785e-02 2.497853524982929230e-02 -2.562724426388740540e-02 -4.490583017468452454e-02
5.106167600000000000e+07 9.527612477540969849e-02 8.192283660173416138e-02 -2.271996140480041504e-01 -2.558718621730804443e-01
5.106177600000000000e+07 2.837331779301166534e-02 2.950247563421726227e-02 1.331734098494052887e-02 -5.978443101048469543e-02
5.106187600000000000e+07 2.362830005586147308e-02 2.479497529566287994e-02 6.736030802130699158e-03 -4.030572250485420227e-02
5.106197600000000000e+07 2.363922260701656342e-02 2.480059862136840820e-02 6.748275831341743469e-03 -4.028417542576789856e-02
5.106207600000000000e+07 2.362425997853279114e-02 2.479422651231288910e-02 6.749598309397697449e-03 -4.030330851674079895e-02
5.106217600000000000e+07 2.361317537724971771e-02 2.478888258337974548e-02 6.660733371973037720e-03 -4.048668220639228821e-02
5.106227600000000000e+07 2.361407130956649780e-02 2.478840015828609467e-02 6.713675335049629211e-03 -4.041089490056037903e-02
5.106237600000000000e+07 2.361574582755565643e-02 2.478799037635326385e-02 6.723387166857719421e-03 -4.038314893841743469e-02
5.106247600000000000e+07 2.363394387066364288e-02 2.479986101388931274e-02 6.760109215974807739e-03 -4.025550559163093567e-02
5.106257600000000000e+07 2.363595739006996155e-02 2.479829452931880951e-02 6.702382117509841919e-03 -4.034044221043586731e-02
5.106267600000000000e+07 2.362698502838611603e-02 2.479503862559795380e-02 6.739223375916481018e-03 -4.034786298871040344e-02
5.106277600000000000e+07 2.360723726451396942e-02 2.478645741939544678e-02 6.734034046530723572e-03 -4.047854617238044739e-02
5.106287600000000000e+07 2.363372221589088440e-02 2.480082958936691284e-02 6.680179387331008911e-03 -4.040067270398139954e-02
5.106297600000000000e+07 2.360682003200054169e-02 2.478768303990364075e-02 6.777497008442878723e-03 -4.042904451489448547e-02
5.106307600000000000e+07 2.362049557268619537e-02 2.479328773915767670e-02 6.761798635125160217e-03 -4.031210020184516907e-02
5.106317600000000000e+07 2.362685464322566986e-02 2.479733712971210480e-02 6.719648838043212891e-03 -4.035534337162971497e-02
5.106327600000000000e+07 2.361389622092247009e-02 2.479152381420135498e-02 6.777396425604820251e-03 -4.038285091519355774e-02
5.106337600000000000e+07 2.362740598618984222e-02 2.479340694844722748e-02 6.688697263598442078e-03 -4.033895209431648254e-02
5.106347600000000000e+07 2.360711805522441864e-02 2.478618547320365906e-02 6.669001653790473938e-03 -4.049153998494148254e-02
5.106357600000000000e+07 2.361656166613101959e-02 2.479160018265247345e-02 6.770396605134010315e-03 -4.041009023785591125e-02
5.106367600000000000e+07 2.361572906374931335e-02 2.479263767600059509e-02 6.697360426187515259e-03 -4.039584472775459290e-02
5.106377600000000000e+07 2.363565936684608459e-02 2.480021677911281586e-02 6.728610023856163025e-03 -4.029827192425727844e-02
5.106387600000000000e+07 2.362050302326679230e-02 2.479271218180656433e-02 6.739130243659019470e-03 -4.035587981343269348e-02
5.106397600000000000e+07 2.364591881632804871e-02 2.480320073664188385e-02 6.696797907352447510e-03 -4.025592282414436340e-02
5.106407600000000000e+07 2.362405322492122650e-02 2.479352615773677826e-02 6.719099357724189758e-03 -4.037098959088325500e-02
5.106417600000000000e+07 2.365861274302005768e-02 2.481334470212459564e-02 6.702275946736335754e-03 -4.024728015065193176e-02
5.106427600000000000e+07 2.360710501670837402e-02 2.478777989745140076e-02 6.684405729174613953e-03 -4.047350957989692688e-02
5.106437600000000000e+07 2.364722266793251038e-02 2.480671368539333344e-02 6.672561168670654297e-03 -4.025958850979804993e-02
5.106447600000000000e+07 2.362641505897045135e-02 2.479245886206626892e-02 6.700715050101280212e-03 -4.031588509678840637e-02
5.106457600000000000e+07 2.363963611423969269e-02 2.480323240160942078e-02 6.768187507987022400e-03 -4.026122763752937317e-02
5.106467600000000000e+07 2.360926941037178040e-02 2.478579990565776825e-02 6.696060299873352051e-03 -4.045407846570014954e-02
5.106477600000000000e+07 2.364024892449378967e-02 2.480135858058929443e-02 6.698388606309890747e-03 -4.025541618466377258e-02
5.106487600000000000e+07 2.359135448932647705e-02 2.478048577904701233e-02 6.716303527355194092e-03 -4.049517586827278137e-02
5.106497600000000000e+07 2.364427968859672546e-02 2.480524964630603790e-02 6.696810945868492126e-03 -4.031928256154060364e-02
5.106507600000000000e+07 2.366458065807819366e-02 2.481342107057571411e-02 6.691975519061088562e-03 -4.013683274388313293e-02
5.106517600000000000e+07 2.361842989921569824e-02 2.479067631065845490e-02 6.739763543009757996e-03 -4.039909318089485168e-02
5.106527600000000000e+07 2.362331748008728027e-02 2.479336969554424286e-02 6.723402068018913269e-03 -4.034664109349250793e-02
5.106537600000000000e+07 2.361034788191318512e-02 2.478786557912826538e-02 6.723541766405105591e-03 -4.039655998349189758e-02
5.106547600000000000e+07 2.360493876039981842e-02 2.478387206792831421e-02 6.745258346199989319e-03 -4.036485031247138977e-02
5.106557600000000000e+07 2.362062223255634308e-02 2.479027025401592255e-02 6.754480302333831787e-03 -4.029329493641853333e-02
5.106567600000000000e+07 2.361832186579704285e-02 2.478627860546112061e-02 6.687885150313377380e-03 -4.027264192700386047e-02
5.106577600000000000e+07 4.139936715364456177e-02 6.092996895313262939e-02 5.609282851219177246e-01 -2.319666594266891479e-01
5.106587600000000000e+07 6.906472146511077881e-02 6.466615200042724609e-02 -5.184733867645263672e-02 -3.524535000324249268e-01
5.106597600000000000e+07 6.240908056497573853e-02 5.668282881379127502e-02 -3.153866156935691833e-03 -3.901656270027160645e-01
5.106607600000000000e+07 7.133242487907409668e-02 6.338829547166824341e-02 1.591155678033828735e-01 -2.473479956388473511e-01
5.106617600000000000e+07 3.047570586204528809e-02 3.250614181160926819e-02 -2.190111204981803894e-03 -6.525243818759918213e-02
5.106627600000000000e+07 5.200427398085594177e-02 5.631043389439582825e-02 -9.544432163238525391e-02 -2.666365206241607666e-01
5.106637600000000000e+07 5.910294875502586365e-02 6.000607460737228394e-02 -2.589732706546783447e-01 -3.174099624156951904e-01
5.106647600000000000e+07 7.594732195138931274e-02 5.875019356608390808e-02 2.203300446271896362e-01 -5.416575074195861816e-01
5.106657600000000000e+07 6.116459891200065613e-02 5.852135643362998962e-02 4.401462972164154053e-01 -6.232054829597473145e-01
5.106667600000000000e+07 6.695575267076492310e-02 4.263667762279510498e-02 3.383473306894302368e-02 -7.511647343635559082e-01
5.106677600000000000e+07 7.840618491172790527e-02 4.477500915527343750e-02 1.775467768311500549e-03 -7.229222059249877930e-01
5.106687600000000000e+07 7.245632261037826538e-02 4.863721877336502075e-02 4.985434561967849731e-02 -6.722027063369750977e-01
5.106697600000000000e+07 7.534157484769821167e-02 4.917366430163383484e-02 3.303771838545799255e-03 -7.633221745491027832e-01
5.106707600000000000e+07 6.637603789567947388e-02 3.844813257455825806e-02 7.684325799345970154e-03 -6.901587843894958496e-01
5.106717600000000000e+07 6.325839459896087646e-02 4.852980375289916992e-02 -3.468575179576873779e-01 -6.159440279006958008e-01
5.106727600000000000e+07 6.823275983333587646e-02 4.586974903941154480e-02 3.362108767032623291e-02 -6.714511513710021973e-01
5.106737600000000000e+07 6.927086412906646729e-02 4.793584719300270081e-02 7.980575785040855408e-03 -6.638963222503662109e-01
5.106747600000000000e+07 8.513844013214111328e-02 4.967515543103218079e-02 -1.790318936109542847e-01 -7.242200374603271484e-01
5.106757600000000000e+07 7.257827371358871460e-02 4.632354900240898132e-02 -1.318735331296920776e-01 -7.047982811927795410e-01
5.106767600000000000e+07 6.720644980669021606e-02 4.450457915663719177e-02 4.060866683721542358e-02 -6.770860552787780762e-01
5.106777600000000000e+07 5.877668783068656921e-02 3.616283088922500610e-02 -1.323545724153518677e-01 -7.177692651748657227e-01
5.106787600000000000e+07 7.698354125022888184e-02 5.574291571974754333e-02 9.616176784038543701e-02 -6.491680145263671875e-01
5.106797600000000000e+07 7.941029965877532959e-02 5.636041238903999329e-02 -1.987914144992828369e-01 -6.412810683250427246e-01
5.106807600000000000e+07 7.954963296651840210e-02 5.676028132438659668e-02 2.189488857984542847e-01 -6.205708980560302734e-01
5.106817600000000000e+07 6.800308823585510254e-02 4.368118569254875183e-02 2.117334604263305664e-01 -6.716645956039428711e-01
5.106827600000000000e+07 7.257827371358871460e-02 6.306834518909454346e-02 1.990037597715854645e-02 -4.830717742443084717e-01
5.106837600000000000e+07 6.097314134240150452e-02 5.382059887051582336e-02 -3.747205808758735657e-02 -4.610423743724822998e-01
5.106847600000000000e+07 6.492942571640014648e-02 6.992839276790618896e-02 -4.670311808586120605e-01 -3.276426792144775391e-01
5.106857600000000000e+07 5.019108951091766357e-02 6.101522967219352722e-02 -5.217226743698120117e-01 -3.384475111961364746e-01
5.106867600000000000e+07 3.952999785542488098e-02 6.686148047447204590e-02 -5.445366501808166504e-01 -1.817063242197036743e-01
5.106877600000000000e+07 3.630530461668968201e-02 5.975496023893356323e-02 -6.341391205787658691e-01 3.739457577466964722e-03
5.106887600000000000e+07 3.803136572241783142e-02 6.527088582515716553e-02 -6.407480239868164062e-01 -1.566529721021652222e-01
5.106897600000000000e+07 5.136048048734664917e-02 7.255581766366958618e-02 -5.634135007858276367e-01 -1.797282844781875610e-01
5.106907600000000000e+07 3.939881175756454468e-02 6.049423292279243469e-02 -6.492244005203247070e-01 2.467460557818412781e-02
5.106917600000000000e+07 4.344978183507919312e-02 6.106252968311309814e-02 -6.085605025291442871e-01 -2.718181312084197998e-01
5.106927600000000000e+07 4.391633719205856323e-02 6.608185172080993652e-02 -5.073304772377014160e-01 -2.986332774162292480e-01
5.106937600000000000e+07 5.141016468405723572e-02 7.760542631149291992e-02 -5.066550970077514648e-01 2.564046978950500488e-01
5.106947600000000000e+07 3.682535886764526367e-02 6.073316931724548340e-02 -6.325398683547973633e-01 -2.537609636783599854e-01
5.106957700000000000e+07 4.141640663146972656e-02 6.226539611816406250e-02 -5.345798134803771973e-01 -2.582471668720245361e-01
5.106967700000000000e+07 4.808573424816131592e-02 5.800514668226242065e-02 -5.805398225784301758e-01 2.923151478171348572e-02
5.106977700000000000e+07 3.461639210581779480e-02 5.795727670192718506e-02 -6.353489756584167480e-01 -3.208869695663452148e-01
5.106987700000000000e+07 3.645554929971694946e-02 6.378107517957687378e-02 -6.468728184700012207e-01 -1.397840231657028198e-01
5.106997700000000000e+07 3.962442651391029358e-02 6.283708661794662476e-02 -5.749752521514892578e-01 1.471388041973114014e-01
5.107007700000000000e+07 4.363873973488807678e-02 6.416681408882141113e-02 -6.013660430908203125e-01 -3.127377927303314209e-01
5.107017700000000000e+07 3.185670822858810425e-02 6.013284623622894287e-02 -7.086158990859985352e-01 -2.497328072786331177e-01
5.107027700000000000e+07 4.071816802024841309e-02 7.113014161586761475e-02 -6.533898711204528809e-01 -1.427759975194931030e-01
5.107037700000000000e+07 4.369125142693519592e-02 6.351726502180099487e-02 -5.343909263610839844e-01 -1.477137356996536255e-01
5.107047700000000000e+07 4.129742085933685303e-02 6.069806218147277832e-02 -6.286646723747253418e-01 1.263789460062980652e-02
5.107057700000000000e+07 3.631184250116348267e-02 6.013111397624015808e-02 -6.401250362396240234e-01 -3.063764050602912903e-02
5.107067700000000000e+07 4.120078310370445251e-02 6.019737198948860168e-02 -5.081911683082580566e-01 -2.423624247312545776e-01
5.107077700000000000e+07 6.795906275510787964e-02 6.531181931495666504e-02 -6.289737671613693237e-02 -2.527637481689453125e-01
5.107087700000000000e+07 4.923186451196670532e-02 6.040301918983459473e-02 2.214317321777343750e-01 3.064883872866630554e-02
5.107097700000000000e+07 4.735655710101127625e-02 5.743077024817466736e-02 3.731137514114379883e-01 -9.850192070007324219e-02
5.107107700000000000e+07 3.853517770767211914e-02 5.856575444340705872e-02 6.406891942024230957e-01 -7.911212742328643799e-04
5.107117700000000000e+07 3.883159905672073364e-02 5.709518119692802429e-02 6.853805184364318848e-01 1.410460621118545532e-01
5.107127700000000000e+07 4.653587937355041504e-02 6.470093131065368652e-02 6.153284311294555664e-01 -1.602033823728561401e-01
5.107137700000000000e+07 4.502050951123237610e-02 5.922091007232666016e-02 6.267470121383666992e-01 2.151210159063339233e-01
5.107147700000000000e+07 4.872334375977516174e-02 6.608802825212478638e-02 5.984109640121459961e-01 2.601771652698516846e-01
5.107157700000000000e+07 3.753834962844848633e-02 6.233750656247138977e-02 7.324600219726562500e-01 9.294915199279785156e-02
5.107167700000000000e+07 4.610374942421913147e-02 6.254833191633224487e-02 5.439763069152832031e-01 -3.307794407010078430e-02
5.107177700000000000e+07 4.342381656169891357e-02 6.028803810477256775e-02 6.106242537498474121e-01 1.839231848716735840e-01
5.107187700000000000e+07 4.033951088786125183e-02 6.231445446610450745e-02 6.188712716102600098e-01 2.006178721785545349e-02
5.107197700000000000e+07 3.781790658831596375e-02 5.991762503981590271e-02 6.424351930618286133e-01 1.934753507375717163e-01
5.107207700000000000e+07 3.941477462649345398e-02 6.680908799171447754e-02 6.925961375236511230e-01 1.025942265987396240e-01
5.107217700000000000e+07 4.241954907774925232e-02 6.160365417599678040e-02 6.065760254859924316e-01 -8.424063026905059814e-02
5.107227700000000000e+07 3.603439033031463623e-02 6.625314801931381226e-02 7.430596947669982910e-01 1.145424246788024902e-01
5.107237700000000000e+07 3.852061182260513306e-02 6.110874563455581665e-02 6.967407464981079102e-01 2.066082507371902466e-01
5.107247700000000000e+07 3.674462437629699707e-02 5.523855611681938171e-02 6.864995956420898438e-01 1.437661945819854736e-01
5.107257700000000000e+07 3.479137644171714783e-02 5.520370230078697205e-02 6.536787152290344238e-01 2.401419281959533691e-01
5.107267700000000000e+07 3.918606042861938477e-02 6.204367801547050476e-02 6.550056934356689453e-01 1.561174094676971436e-01
5.107277700000000000e+07 4.130620881915092468e-02 6.296952813863754272e-02 6.824143528938293457e-01 -1.229316294193267822e-01
5.107287700000000000e+07 4.593068733811378479e-02 5.838121101260185242e-02 6.140605807304382324e-01 2.512710988521575928e-01
5.107297700000000000e+07 3.463134914636611938e-02 5.829147994518280029e-02 7.494603395462036133e-01 2.299002930521965027e-02
5.107307700000000000e+07 4.036578536033630371e-02 6.049232557415962219e-02 6.856506466865539551e-01 9.449602663516998291e-02
5.107317700000000000e+07 4.048391059041023254e-02 5.086608976125717163e-02 5.583258271217346191e-01 2.392239123582839966e-01
5.107327700000000000e+07 3.688174486160278320e-02 5.928746983408927917e-02 7.530036568641662598e-01 3.036435693502426147e-03
5.107337700000000000e+07 4.604291915893554688e-02 5.941884964704513550e-02 5.016959309577941895e-01 -2.588887214660644531e-01
5.107347700000000000e+07 3.858453407883644104e-02 5.709876865148544312e-02 6.811634302139282227e-01 1.216870248317718506e-01
5.107357700000000000e+07 3.781528398394584656e-02 6.401120871305465698e-02 6.510414481163024902e-01 -2.253823354840278625e-02
5.107367700000000000e+07 3.589560091495513916e-02 6.359881907701492310e-02 7.244190573692321777e-01 5.718701705336570740e-02
5.107377700000000000e+07 4.625712335109710693e-02 5.895709618926048279e-02 5.709330439567565918e-01 1.681579798460006714e-01
5.107387700000000000e+07 4.434315115213394165e-02 5.352689325809478760e-02 4.762404859066009521e-01 -1.109391599893569946e-01
5.107397700000000000e+07 4.634204506874084473e-02 5.398729443550109863e-02 5.302533507347106934e-01 3.576283156871795654e-01
5.107407700000000000e+07 5.632434040307998657e-02 6.751521676778793335e-02 4.685855209827423096e-01 -1.518238037824630737e-01
5.107417700000000000e+07 7.379570603370666504e-02 7.683169096708297729e-02 2.066555805504322052e-02 -3.793329000473022461e-01
5.107427700000000000e+07 7.564929872751235962e-02 7.800033688545227051e-02 -3.803938627243041992e-02 -1.210700869560241699e-01
5.107437700000000000e+07 6.228483468294143677e-02 4.976806789636611938e-02 -4.107284843921661377e-01 -4.048271849751472473e-02
5.107447700000000000e+07 4.178231209516525269e-02 6.105294823646545410e-02 -5.909045934677124023e-01 -3.894925713539123535e-01
5.107457700000000000e+07 3.778092190623283386e-02 6.687136739492416382e-02 -6.761817336082458496e-01 -3.895183280110359192e-02
5.107467700000000000e+07 4.028504341840744019e-02 6.503044068813323975e-02 -6.245093941688537598e-01 -2.606832087039947510e-01
5.107477700000000000e+07 4.081225767731666565e-02 6.546149402856826782e-02 -6.090458035469055176e-01 -3.004873394966125488e-01
5.107487700000000000e+07 3.735420852899551392e-02 6.986846774816513062e-02 -6.301210522651672363e-01 1.789162755012512207e-01
5.107497700000000000e+07 5.602271482348442078e-02 6.688050925731658936e-02 -4.898105263710021973e-01 3.007219731807708740e-01
5.107507700000000000e+07 6.856215000152587891e-02 5.749669298529624939e-02 -2.481750249862670898e-01 3.981952369213104248e-01
5.107517700000000000e+07 6.659894436597824097e-02 4.016136750578880310e-02 5.059991776943206787e-02 5.760086774826049805e-01
5.107527700000000000e+07 6.311145424842834473e-02 5.316261574625968933e-02 -1.116308346390724182e-01 4.836396574974060059e-01
5.107537700000000000e+07 6.997806578874588013e-02 3.761830925941467285e-02 1.370423138141632080e-01 6.109705567359924316e-01
5.107547700000000000e+07 6.492050737142562866e-02 3.920202702283859253e-02 -1.375420391559600830e-01 6.419913172721862793e-01
5.107557700000000000e+07 6.896886229515075684e-02 4.333836212754249573e-02 2.745500765740871429e-02 6.085237264633178711e-01
5.107567700000000000e+07 6.479299813508987427e-02 4.035753011703491211e-02 4.474138841032981873e-03 6.118894815444946289e-01
5.107577700000000000e+07 7.246021181344985962e-02 4.674781858921051025e-02 1.289597898721694946e-01 6.146624684333801270e-01
5.107587700000000000e+07 7.786080986261367798e-02 4.725276306271553040e-02 -5.687700957059860229e-02 6.012834310531616211e-01
5.107597700000000000e+07 7.118372619152069092e-02 4.562338441610336304e-02 1.389562487602233887e-01 5.955421924591064453e-01
5.107607700000000000e+07 6.814878433942794800e-02 4.165242239832878113e-02 -1.064278706908226013e-01 6.170349121093750000e-01
5.107617700000000000e+07 6.373419612646102905e-02 4.709995537996292114e-02 -3.657838106155395508e-01 5.378273725509643555e-01
5.107627700000000000e+07 7.341375201940536499e-02 3.830705210566520691e-02 -5.016220733523368835e-02 7.096770405769348145e-01
5.107637700000000000e+07 6.281121075153350830e-02 3.971118852496147156e-02 7.401704788208007812e-02 6.141702532768249512e-01
5.107647700000000000e+07 6.881646066904067993e-02 3.918223455548286438e-02 -5.717849731445312500e-02 6.986665129661560059e-01
5.107657700000000000e+07 6.809410452842712402e-02 3.869176656007766724e-02 1.218841373920440674e-01 7.047991752624511719e-01
5.107667700000000000e+07 7.859893143177032471e-02 4.713033139705657959e-02 1.886596977710723877e-01 5.872368812561035156e-01
5.107677700000000000e+07 7.262100279331207275e-02 4.010140150785446167e-02 -2.883583493530750275e-02 6.450011134147644043e-01
5.107687700000000000e+07 7.110293209552764893e-02 3.860391676425933838e-02 2.128277532756328583e-02 6.733168363571166992e-01
5.107697700000000000e+07 6.561955809593200684e-02 3.918991610407829285e-02 1.864390373229980469e-01 6.151223182678222656e-01
5.107707700000000000e+07 5.233639478683471680e-02 4.020512849092483521e-02 -3.227620124816894531e-01 4.773651659488677979e-01
5.107717700000000000e+07 6.843214482069015503e-02 3.733845800161361694e-02 -2.185788005590438843e-03 7.222307324409484863e-01
5.107727700000000000e+07 6.719699501991271973e-02 5.167025700211524963e-02 -9.527035057544708252e-02 5.649264454841613770e-01
5.107737700000000000e+07 6.270668655633926392e-02 4.142212122678756714e-02 -1.994754970073699951e-01 6.718215346336364746e-01
5.107747700000000000e+07 6.378941982984542847e-02 3.731229156255722046e-02 1.799162775278091431e-01 7.225754857063293457e-01
5.107757700000000000e+07 6.576795130968093872e-02 4.052460938692092896e-02 1.897334158420562744e-01 6.450760960578918457e-01
5.107767700000000000e+07 6.373395025730133057e-02 4.613830149173736572e-02 -2.947458997368812561e-03 6.203665137290954590e-01
5.107777700000000000e+07 7.574503123760223389e-02 5.289097875356674194e-02 -2.642558515071868896e-01 5.579870343208312988e-01
5.107787700000000000e+07 7.441077381372451782e-02 4.057808965444564819e-02 1.278582215309143066e-01 6.817210316658020020e-01
5.107797700000000000e+07 6.779067218303680420e-02 3.658412396907806396e-02 -3.636872395873069763e-02 6.990128755569458008e-01
5.107807700000000000e+07 6.903060525655746460e-02 4.224061965942382812e-02 -5.260328948497772217e-02 5.860778689384460449e-01
5.107817700000000000e+07 6.981480866670608521e-02 5.119101703166961670e-02 3.578576147556304932e-01 5.439010262489318848e-01
5.107827700000000000e+07 6.747594475746154785e-02 3.985207527875900269e-02 1.768610626459121704e-01 6.377943158149719238e-01
5.107837700000000000e+07 7.590687274932861328e-02 5.048144608736038208e-02 -8.608690649271011353e-02 5.277742147445678711e-01
5.107847700000000000e+07 6.949949264526367188e-02 4.578147828578948975e-02 7.324452698230743408e-02 6.244103908538818359e-01
5.107857700000000000e+07 6.802731007337570190e-02 4.457234218716621399e-02 3.804178908467292786e-03 6.369770169258117676e-01
5.107867700000000000e+07 7.196933031082153320e-02 5.927954986691474915e-02 -1.684026122093200684e-01 4.741407930850982666e-01
5.107877700000000000e+07 6.857541948556900024e-02 3.862711414694786072e-02 1.361397653818130493e-01 7.056147456169128418e-01
5.107887700000000000e+07 7.392679899930953979e-02 4.338501393795013428e-02 1.194602251052856445e-01 6.451568603515625000e-01
5.107897700000000000e+07 6.858283281326293945e-02 4.104791954159736633e-02 7.352335751056671143e-02 6.396611928939819336e-01
5.107907700000000000e+07 6.584411114454269409e-02 3.702593967318534851e-02 9.651063382625579834e-02 7.263669967651367188e-01
5.107917700000000000e+07 5.974386632442474365e-02 3.749309107661247253e-02 2.146083675324916840e-02 6.214440464973449707e-01
5.107927700000000000e+07 6.773178279399871826e-02 4.581840708851814270e-02 -1.562948077917098999e-01 6.240332126617431641e-01
5.107937700000000000e+07 7.015915215015411377e-02 4.449111223220825195e-02 -2.106934338808059692e-01 6.378363370895385742e-01
5.107947700000000000e+07 7.363422960042953491e-02 4.619035497307777405e-02 1.432896405458450317e-01 6.164873242378234863e-01
5.107957700000000000e+07 6.314618885517120361e-02 4.154790565371513367e-02 -3.934540972113609314e-02 6.203920245170593262e-01
5.107967700000000000e+07 7.367137819528579712e-02 3.984718024730682373e-02 6.969834864139556885e-02 6.769390106201171875e-01
5.107977700000000000e+07 6.720945984125137329e-02 5.040872097015380859e-02 2.751629352569580078e-01 5.442209243774414062e-01
5.107987700000000000e+07 7.052709907293319702e-02 4.752033576369285583e-02 5.469027161598205566e-02 5.726063847541809082e-01
5.107997700000000000e+07 6.735967844724655151e-02 3.987737745046615601e-02 2.016195207834243774e-01 6.653177738189697266e-01
5.108007700000000000e+07 6.994219124317169189e-02 4.095703735947608948e-02 1.808974593877792358e-01 6.569244265556335449e-01
5.108017700000000000e+07 6.668341159820556641e-02 4.007659479975700378e-02 1.836283951997756958e-01 6.877247095108032227e-01
5.108027700000000000e+07 6.515046954154968262e-02 3.597503527998924255e-02 -4.605634137988090515e-02 7.405976653099060059e-01
5.108037700000000000e+07 6.861352920532226562e-02 4.086351394653320312e-02 2.471665591001510620e-01 6.145968437194824219e-01
5.108047700000000000e+07 6.332452595233917236e-02 5.268340185284614563e-02 -3.268439471721649170e-01 5.119754672050476074e-01
5.108057700000000000e+07 6.827073544263839722e-02 3.895104303956031799e-02 -1.318487804383039474e-02 6.728588938713073730e-01
5.108067700000000000e+07 6.276428699493408203e-02 3.897412493824958801e-02 8.971936255693435669e-02 5.791974663734436035e-01
5.108077700000000000e+07 6.290811300277709961e-02 4.669951274991035461e-02 -2.398227006196975708e-01 6.151436567306518555e-01
5.108087700000000000e+07 5.837867036461830139e-02 4.938722401857376099e-02 -4.197156727313995361e-01 5.124161839485168457e-01
5.108097700000000000e+07 7.196711748838424683e-02 4.250181838870048523e-02 -8.164323121309280396e-02 6.343917250633239746e-01
5.108107700000000000e+07 5.434000492095947266e-02 4.790068417787551880e-02 -4.719886183738708496e-01 5.011072158813476562e-01
5.108117700000000000e+07 6.397210061550140381e-02 5.740714073181152344e-02 -2.345583289861679077e-01 5.215572714805603027e-01
5.108127700000000000e+07 6.314568221569061279e-02 4.120600968599319458e-02 2.174557186663150787e-02 6.088048815727233887e-01
5.108137700000000000e+07 7.469283789396286011e-02 4.136803746223449707e-02 -7.330197095870971680e-02 6.666246056556701660e-01
5.108147700000000000e+07 6.837168335914611816e-02 5.186170712113380432e-02 -1.413594335317611694e-01 5.145052075386047363e-01
5.108157700000000000e+07 7.081453502178192139e-02 5.060329660773277283e-02 2.311741560697555542e-01 5.471864938735961914e-01
5.108167700000000000e+07 6.853547692298889160e-02 4.998523369431495667e-02 1.326304972171783447e-01 5.299475193023681641e-01
5.108177700000000000e+07 6.880781054496765137e-02 5.172250792384147644e-02 -3.079827129840850830e-01 4.540961086750030518e-01
5.108187700000000000e+07 7.129246741533279419e-02 5.562517791986465454e-02 3.458207845687866211e-01 4.242510795593261719e-01
5.108197700000000000e+07 6.628605723381042480e-02 4.416878893971443176e-02 -2.168861925601959229e-01 5.729778409004211426e-01
5.108207700000000000e+07 6.512952595949172974e-02 4.499388858675956726e-02 -1.252834498882293701e-01 4.958585798740386963e-01
5.108217700000000000e+07 6.233560666441917419e-02 4.686510562896728516e-02 3.846870958805084229e-01 6.134965419769287109e-01
5.108227700000000000e+07 7.103443145751953125e-02 3.793127462267875671e-02 2.759706415235996246e-02 6.754239797592163086e-01
5.108237700000000000e+07 7.256979495286941528e-02 4.503909498453140259e-02 4.300942271947860718e-02 5.895667672157287598e-01
5.108247700000000000e+07 6.481561809778213501e-02 4.034268856048583984e-02 1.438781917095184326e-01 6.130670905113220215e-01
5.108257700000000000e+07 6.901563704013824463e-02 4.147505015134811401e-02 -1.084441766142845154e-01 6.171608567237854004e-01
5.108267700000000000e+07 7.229571789503097534e-02 4.062269628047943115e-02 -8.690096437931060791e-02 6.225295066833496094e-01
5.108277700000000000e+07 6.568126380443572998e-02 3.838155046105384827e-02 1.292329877614974976e-01 6.588232517242431641e-01
5.108287700000000000e+07 6.718085706233978271e-02 4.745683819055557251e-02 -1.131069883704185486e-01 5.623428821563720703e-01
5.108297700000000000e+07 6.983327120542526245e-02 5.178558081388473511e-02 3.603095710277557373e-01 4.745859205722808838e-01
5.108307700000000000e+07 3.637426346540451050e-02 5.557626858353614807e-02 5.499163866043090820e-01 1.126817911863327026e-01
5.108317700000000000e+07 3.803896903991699219e-02 5.510726943612098694e-02 6.320146918296813965e-01 1.079706251621246338e-01
5.108327700000000000e+07 4.155327752232551575e-02 6.015377491712570190e-02 6.456830501556396484e-01 -3.898089006543159485e-02
5.108337700000000000e+07 3.564616665244102478e-02 6.253062188625335693e-02 6.393970251083374023e-01 -1.306901723146438599e-01
5.108347700000000000e+07 4.069772362709045410e-02 6.354106217622756958e-02 6.245846152305603027e-01 7.562936842441558838e-02
5.108357700000000000e+07 4.378275573253631592e-02 6.673680990934371948e-02 5.898101925849914551e-01 -2.186276763677597046e-01
5.108367700000000000e+07 3.757452964782714844e-02 5.794773623347282410e-02 6.191800832748413086e-01 1.559135913848876953e-01
5.108377700000000000e+07 3.881535306572914124e-02 6.402412056922912598e-02 6.488990783691406250e-01 5.442328378558158875e-02
5.108387700000000000e+07 3.394741937518119812e-02 6.471998989582061768e-02 6.833221316337585449e-01 -5.568571761250495911e-02
5.108397700000000000e+07 7.898242026567459106e-02 7.145232707262039185e-02 -1.202775761485099792e-01 -5.104422569274902344e-01
5.108407700000000000e+07 5.349532887339591980e-02 4.717249423265457153e-02 -5.588562041521072388e-02 -1.750834658741950989e-02
5.108417700000000000e+07 7.486739009618759155e-02 6.233615800738334656e-02 -1.096750423312187195e-01 1.560863703489303589e-01
5.108427700000000000e+07 4.491480067372322083e-02 6.616640836000442505e-02 -5.491095185279846191e-01 -1.269010305404663086e-01
5.108437700000000000e+07 4.229510203003883362e-02 6.844829767942428589e-02 -6.073061823844909668e-01 -1.648578196763992310e-01
5.108447700000000000e+07 3.189356252551078796e-02 5.956263467669487000e-02 -6.382598876953125000e-01 -1.541515886783599854e-01
5.108457700000000000e+07 3.932803496718406677e-02 6.790283322334289551e-02 -6.459756493568420410e-01 -7.154463231563568115e-02
5.108467700000000000e+07 4.417566582560539246e-02 7.265708595514297485e-02 -6.002997159957885742e-01 -1.236153095960617065e-01
5.108477700000000000e+07 3.840146958827972412e-02 5.709580332040786743e-02 -6.096282005310058594e-01 -1.236582994461059570e-01
5.108487700000000000e+07 4.150668159127235413e-02 6.605437397956848145e-02 -6.447740793228149414e-01 -2.377689629793167114e-01
5.108497700000000000e+07 4.822803288698196411e-02 6.192476302385330200e-02 -5.423479080200195312e-01 -4.146922528743743896e-01
5.108507700000000000e+07 3.950253129005432129e-02 5.984982103109359741e-02 -6.252857446670532227e-01 8.526669442653656006e-02
5.108517700000000000e+07 4.111674427986145020e-02 5.951975658535957336e-02 -6.187832951545715332e-01 -2.265700995922088623e-01
5.108527700000000000e+07 4.105990380048751831e-02 6.485099345445632935e-02 -6.250435709953308105e-01 -2.557434737682342529e-01
5.108537700000000000e+07 3.544614836573600769e-02 6.457730382680892944e-02 -6.412971019744873047e-01 -1.137947589159011841e-01
5.108547700000000000e+07 3.962106257677078247e-02 6.256970018148422241e-02 -6.328617930412292480e-01 -1.670953780412673950e-01
5.108557700000000000e+07 4.153977707028388977e-02 6.558763980865478516e-02 -6.282251477241516113e-01 -2.370410114526748657e-01
5.108567700000000000e+07 4.101071134209632874e-02 5.861769989132881165e-02 -6.843016147613525391e-01 1.388229057192802429e-02
5.108577700000000000e+07 4.184330999851226807e-02 6.928255409002304077e-02 -6.517472267150878906e-01 -2.182183116674423218e-01
5.108587700000000000e+07 4.689721018075942993e-02 6.108913198113441467e-02 -5.287043452262878418e-01 -3.428233563899993896e-01
5.108597700000000000e+07 4.073446989059448242e-02 6.593766808509826660e-02 -6.358030438423156738e-01 -1.815845072269439697e-01
5.108607700000000000e+07 4.464425146579742432e-02 7.179081439971923828e-02 -6.484645009040832520e-01 -1.604408398270606995e-02
5.108617700000000000e+07 4.273169860243797302e-02 5.557799711823463440e-02 -5.582879781723022461e-01 -4.454230666160583496e-01
5.108627700000000000e+07 3.166766092181205750e-02 5.635179206728935242e-02 -6.962790489196777344e-01 -2.767365872859954834e-01
5.108637700000000000e+07 3.647184744477272034e-02 6.934356689453125000e-02 -6.470575332641601562e-01 1.232924684882164001e-02
5.108647700000000000e+07 4.451753571629524231e-02 6.225099414587020874e-02 -6.313446760177612305e-01 -2.195385396480560303e-01
5.108657700000000000e+07 4.536481946706771851e-02 6.066329404711723328e-02 -5.713402628898620605e-01 -3.204200863838195801e-01
5.108667700000000000e+07 3.656515479087829590e-02 6.257195025682449341e-02 -6.693338751792907715e-01 6.947009265422821045e-02
5.108677700000000000e+07 3.966412320733070374e-02 6.660657376050949097e-02 -6.890462636947631836e-01 -2.617019787430763245e-02
5.108687700000000000e+07 3.653001040220260620e-02 5.981162935495376587e-02 -6.505635380744934082e-01 -3.174197077751159668e-01
5.108697700000000000e+07 4.073769599199295044e-02 5.720830336213111877e-02 -6.933450698852539062e-01 -3.660133853554725647e-02
5.108707700000000000e+07 3.249809145927429199e-02 6.597419083118438721e-02 -6.964803934097290039e-01 -3.004543855786323547e-02
5.108717700000000000e+07 4.084976017475128174e-02 6.420216709375381470e-02 -6.291713714599609375e-01 -2.216008752584457397e-01
5.108727700000000000e+07 3.473943471908569336e-02 6.821607053279876709e-02 -7.318190336227416992e-01 -2.193555980920791626e-01
5.108737700000000000e+07 4.345859959721565247e-02 6.969746202230453491e-02 -6.444658637046813965e-01 -1.394428014755249023e-01
5.108747700000000000e+07 5.061294883489608765e-02 6.133301183581352234e-02 -5.698079466819763184e-01 -5.186724066734313965e-01
5.108757700000000000e+07 4.092030972242355347e-02 6.391916424036026001e-02 -6.405851840972900391e-01 -2.000358551740646362e-01
5.108767700000000000e+07 3.347419574856758118e-02 6.110259518027305603e-02 -7.011254429817199707e-01 8.464369177818298340e-02
5.108777700000000000e+07 3.354260325431823730e-02 6.177002564072608948e-02 -6.745517849922180176e-01 -1.396120637655258179e-01
5.108787700000000000e+07 3.894164040684700012e-02 5.776017531752586365e-02 -6.118586659431457520e-01 -3.244857788085937500e-01
5.108797700000000000e+07 3.515904024243354797e-02 6.194859743118286133e-02 -6.544536948204040527e-01 -1.929562985897064209e-01
5.108807700000000000e+07 3.852389752864837646e-02 5.479378625750541687e-02 -4.732075929641723633e-01 -3.321739137172698975e-01
5.108817700000000000e+07 5.664221942424774170e-02 4.486565291881561279e-02 -7.154006510972976685e-02 -6.384558081626892090e-01
5.108827700000000000e+07 5.904634296894073486e-02 3.958843275904655457e-02 -7.162312418222427368e-02 -6.409331560134887695e-01
5.108837700000000000e+07 5.169806629419326782e-02 3.800919279456138611e-02 -9.820610284805297852e-02 -6.390630006790161133e-01
5.108847700000000000e+07 7.655020803213119507e-02 5.154081434011459351e-02 2.428392320871353149e-01 -6.443837285041809082e-01
5.108857700000000000e+07 6.379751861095428467e-02 5.624462664127349854e-02 3.102241754531860352e-01 -5.436558723449707031e-01
5.108867700000000000e+07 7.445510476827621460e-02 4.846831783652305603e-02 -7.093944400548934937e-02 -6.838539838790893555e-01
5.108877700000000000e+07 6.477509438991546631e-02 4.877516627311706543e-02 2.729333750903606415e-02 -6.367161870002746582e-01
5.108887700000000000e+07 8.024459332227706909e-02 5.950642377138137817e-02 2.072067707777023315e-01 -6.018998026847839355e-01
5.108897700000000000e+07 7.348745316267013550e-02 4.660064354538917542e-02 4.520583152770996094e-02 -7.145859599113464355e-01
5.108907700000000000e+07 7.404576241970062256e-02 5.461244657635688782e-02 1.946944892406463623e-01 -6.139202713966369629e-01
5.108917700000000000e+07 7.135036587715148926e-02 4.460800811648368835e-02 -2.461974136531352997e-02 -6.896840333938598633e-01
5.108927700000000000e+07 6.727796792984008789e-02 4.307540506124496460e-02 1.973074227571487427e-01 -7.101211547851562500e-01
5.108937700000000000e+07 6.963636726140975952e-02 4.616454616189002991e-02 6.394831836223602295e-02 -6.721304655075073242e-01
5.108947700000000000e+07 7.687685638666152954e-02 5.175350978970527649e-02 2.297485023736953735e-01 -6.370016336441040039e-01
5.108957700000000000e+07 6.780365109443664551e-02 5.283878371119499207e-02 7.132724672555923462e-02 -5.971702933311462402e-01
5.108967700000000000e+07 7.271641492843627930e-02 5.064483731985092163e-02 -1.129884347319602966e-01 -6.454586982727050781e-01
5.108977700000000000e+07 7.234777510166168213e-02 4.319105669856071472e-02 8.881758898496627808e-02 -7.158647179603576660e-01
5.108987700000000000e+07 7.268766313791275024e-02 5.276032909750938416e-02 4.491441696882247925e-02 -6.611812710762023926e-01
5.108997700000000000e+07 7.150863111019134521e-02 6.242205575108528137e-02 2.880980074405670166e-01 -5.034261941909790039e-01
5.109007700000000000e+07 7.162365317344665527e-02 4.980133846402168274e-02 1.059417128562927246e-01 -6.145595312118530273e-01
5.109017700000000000e+07 7.099537551403045654e-02 5.378324538469314575e-02 1.814988553524017334e-01 -6.927835941314697266e-01
5.109027700000000000e+07 7.840435951948165894e-02 6.064705178141593933e-02 2.141040265560150146e-01 -6.041725277900695801e-01
5.109037700000000000e+07 6.845336407423019409e-02 5.001209676265716553e-02 1.802956312894821167e-01 -6.592613458633422852e-01
5.109047700000000000e+07 8.622684329748153687e-02 4.882056266069412231e-02 4.011055827140808105e-02 -7.703322768211364746e-01
5.109057700000000000e+07 6.923090666532516479e-02 5.120522528886795044e-02 4.760175943374633789e-03 -5.792444944381713867e-01
5.109067700000000000e+07 7.079330831766128540e-02 4.374109208583831787e-02 -7.343454658985137939e-02 -7.588811516761779785e-01
5.109077700000000000e+07 7.514014095067977905e-02 4.387447237968444824e-02 1.792681403458118439e-02 -7.102070450782775879e-01
5.109087700000000000e+07 7.222168147563934326e-02 6.727585196495056152e-02 2.907337844371795654e-01 -5.153200030326843262e-01
5.109097700000000000e+07 7.264471054077148438e-02 4.368106648325920105e-02 7.424996793270111084e-02 -7.088752388954162598e-01
5.109107700000000000e+07 7.087786495685577393e-02 4.641080647706985474e-02 -1.281269639730453491e-01 -7.041355967521667480e-01
5.109117700000000000e+07 7.589202374219894409e-02 5.625350028276443481e-02 2.234329283237457275e-01 -6.104794144630432129e-01
5.109127700000000000e+07 6.696721166372299194e-02 3.889520093798637390e-02 -1.412090752273797989e-02 -7.497890591621398926e-01
5.109137700000000000e+07 7.959062606096267700e-02 4.959885403513908386e-02 4.855045676231384277e-02 -6.459712982177734375e-01
5.109147700000000000e+07 7.591517269611358643e-02 5.151802301406860352e-02 1.921299397945404053e-01 -6.601683497428894043e-01
5.109157700000000000e+07 6.941048055887222290e-02 4.522459581494331360e-02 1.334315836429595947e-01 -5.848360657691955566e-01
5.109167700000000000e+07 7.021769136190414429e-02 5.350489169359207153e-02 -2.354244738817214966e-01 -6.095416545867919922e-01
5.109177700000000000e+07 6.940110027790069580e-02 4.855573549866676331e-02 1.988179385662078857e-01 -6.965063810348510742e-01
5.109187700000000000e+07 6.916301697492599487e-02 4.416189342737197876e-02 6.340046226978302002e-02 -6.218640804290771484e-01
5.109197700000000000e+07 7.385739684104919434e-02 5.129903554916381836e-02 -1.600657254457473755e-01 -6.404342055320739746e-01
5.109207700000000000e+07 8.148334175348281860e-02 5.253633111715316772e-02 5.882297456264495850e-02 -6.820712089538574219e-01
5.109217700000000000e+07 6.373170018196105957e-02 4.368310421705245972e-02 -5.313769727945327759e-02 -6.361269950866699219e-01
5.109227700000000000e+07 7.358544319868087769e-02 5.044110491871833801e-02 -2.329320274293422699e-02 -6.634028553962707520e-01
5.109237700000000000e+07 7.692489773035049438e-02 4.719621315598487854e-02 7.537459582090377808e-02 -6.854061484336853027e-01
5.109247700000000000e+07 7.449214160442352295e-02 5.619214102625846863e-02 9.860466420650482178e-02 -5.873440504074096680e-01
5.109257700000000000e+07 6.668634712696075439e-02 4.417470470070838928e-02 -1.215181276202201843e-01 -6.695431470870971680e-01
5.109267700000000000e+07 7.032967358827590942e-02 4.411483183503150940e-02 -3.855757042765617371e-02 -6.399791240692138672e-01
5.109277700000000000e+07 5.095195770263671875e-02 5.667539685964584351e-02 3.734844624996185303e-01 -3.238849639892578125e-01
5.109287700000000000e+07 3.426164016127586365e-02 5.295770242810249329e-02 4.343245923519134521e-01 -1.830096691846847534e-01
5.109297700000000000e+07 4.227280616760253906e-02 6.694007664918899536e-02 6.966425776481628418e-01 8.692924678325653076e-02
5.109307700000000000e+07 3.997647762298583984e-02 5.463100597262382507e-02 6.951573491096496582e-01 2.889020740985870361e-01
5.109317700000000000e+07 3.755938261747360229e-02 6.569168716669082642e-02 7.663217782974243164e-01 -3.021049872040748596e-02
5.109327700000000000e+07 4.751283302903175354e-02 5.760269612073898315e-02 5.290734171867370605e-01 -9.733699262142181396e-02
5.109337700000000000e+07 4.210287332534790039e-02 6.042482703924179077e-02 6.644936203956604004e-01 2.231238409876823425e-02
5.109347700000000000e+07 3.721302747726440430e-02 6.357602030038833618e-02 7.544575333595275879e-01 8.067362010478973389e-02
5.109357700000000000e+07 3.987686336040496826e-02 6.519984453916549683e-02 6.805995702743530273e-01 -2.173546329140663147e-02
5.109367700000000000e+07 4.750090092420578003e-02 6.329430639743804932e-02 6.193029880523681641e-01 2.306040525436401367e-01
5.109377700000000000e+07 4.141793027520179749e-02 6.472071260213851929e-02 6.771113276481628418e-01 1.813489645719528198e-01
5.109387700000000000e+07 3.489848971366882324e-02 5.629950761795043945e-02 8.034254908561706543e-01 2.644915878772735596e-01
5.109397700000000000e+07 3.831205889582633972e-02 6.360694020986557007e-02 7.519202828407287598e-01 -1.050312072038650513e-03
5.109407700000000000e+07 4.210402816534042358e-02 6.299801170825958252e-02 6.379395127296447754e-01 5.138885229825973511e-03
5.109417700000000000e+07 4.037940502166748047e-02 6.148014590144157410e-02 6.193330287933349609e-01 -2.115530148148536682e-02
5.109427700000000000e+07 3.631259128451347351e-02 6.355856359004974365e-02 6.328012347221374512e-01 -9.173919260501861572e-02
5.109437700000000000e+07 3.968692198395729065e-02 6.052674725651741028e-02 7.239561080932617188e-01 3.504697605967521667e-02
5.109447700000000000e+07 5.700758472084999084e-02 5.351482331752777100e-02 4.880291521549224854e-01 3.079565763473510742e-01
5.109457700000000000e+07 3.426716104149818420e-02 6.314424425363540649e-02 7.830070257186889648e-01 7.279988378286361694e-03
5.109467700000000000e+07 3.530575707554817200e-02 6.799293309450149536e-02 6.823235154151916504e-01 -1.527312248945236206e-01
5.109477700000000000e+07 5.010509490966796875e-02 5.024468526244163513e-02 5.584059357643127441e-01 2.496063411235809326e-01
5.109487700000000000e+07 4.379916191101074219e-02 5.876296758651733398e-02 6.169962882995605469e-01 -1.487651914358139038e-01
5.109497700000000000e+07 4.003020003437995911e-02 6.015854701399803162e-02 7.356279492378234863e-01 9.345756471157073975e-02
5.109507700000000000e+07 4.244877770543098450e-02 5.939290672540664673e-02 5.976226329803466797e-01 -4.221177473664283752e-02
5.109517700000000000e+07 4.868666082620620728e-02 5.957575142383575439e-02 5.886019468307495117e-01 -3.616954758763313293e-02
5.109527700000000000e+07 3.383830934762954712e-02 5.863153934478759766e-02 6.360914111137390137e-01 -9.899664670228958130e-03
5.109537700000000000e+07 4.395923390984535217e-02 5.835586413741111755e-02 6.245193481445312500e-01 3.018502593040466309e-01
5.109547700000000000e+07 4.414734616875648499e-02 6.424276530742645264e-02 6.186473369598388672e-01 2.027954906225204468e-01
5.109557700000000000e+07 4.027836397290229797e-02 6.033996492624282837e-02 6.914319992065429688e-01 -2.449038997292518616e-02
5.109567700000000000e+07 3.625260293483734131e-02 6.684076040983200073e-02 7.731845378875732422e-01 -1.107830181717872620e-02
5.109577700000000000e+07 3.671413287520408630e-02 5.887187644839286804e-02 6.561707258224487305e-01 1.566423028707504272e-01
5.109587700000000000e+07 3.674083203077316284e-02 5.916934087872505188e-02 7.323794960975646973e-01 2.233337983489036560e-02
5.109597700000000000e+07 3.986643999814987183e-02 6.087273359298706055e-02 7.021539211273193359e-01 7.211990654468536377e-02
5.109607700000000000e+07 4.181226342916488647e-02 5.420345440506935120e-02 5.302518606185913086e-01 2.621478438377380371e-01
5.109617700000000000e+07 6.162336841225624084e-02 4.919584095478057861e-02 3.245747387409210205e-01 4.424485564231872559e-01
5.109627700000000000e+07 6.722690165042877197e-02 3.917488828301429749e-02 9.240849316120147705e-02 6.209028363227844238e-01
5.109637700000000000e+07 7.140904664993286133e-02 5.133021622896194458e-02 -2.722401320934295654e-01 5.716558694839477539e-01
5.109647700000000000e+07 6.076308712363243103e-02 3.777511045336723328e-02 3.338456898927688599e-02 6.068286895751953125e-01
5.109657700000000000e+07 6.572991609573364258e-02 4.190364480018615723e-02 1.295589357614517212e-01 6.408645510673522949e-01
5.109667700000000000e+07 6.211981177330017090e-02 3.764430806040763855e-02 2.899478562176227570e-02 6.065979003906250000e-01
5.109677700000000000e+07 7.155749946832656860e-02 3.573082759976387024e-02 -1.069518458098173141e-02 7.428434491157531738e-01
5.109687700000000000e+07 5.672685056924819946e-02 3.279628977179527283e-02 1.092576235532760620e-01 6.164064407348632812e-01
5.109697700000000000e+07 6.790939718484878540e-02 4.650373756885528564e-02 -2.539993226528167725e-01 6.171006560325622559e-01
5.109707700000000000e+07 6.860373914241790771e-02 4.570946097373962402e-02 -1.661962866783142090e-01 6.068717241287231445e-01
5.109717700000000000e+07 6.882040202617645264e-02 3.731919825077056885e-02 -4.681824147701263428e-02 6.890042424201965332e-01
5.109727700000000000e+07 6.524591892957687378e-02 4.057338833808898926e-02 -3.304814547300338745e-02 6.000608205795288086e-01
5.109737700000000000e+07 6.816565990447998047e-02 3.882648795843124390e-02 -1.119394451379776001e-01 7.031052112579345703e-01
5.109747700000000000e+07 6.699035316705703735e-02 3.834022209048271179e-02 -1.260824799537658691e-01 7.092540860176086426e-01
5.109757700000000000e+07 6.710193306207656860e-02 3.856129571795463562e-02 6.342667341232299805e-02 6.342740058898925781e-01
5.109767700000000000e+07 7.002272456884384155e-02 3.631986677646636963e-02 -5.575774610042572021e-02 7.228601574897766113e-01
5.109777700000000000e+07 6.764420866966247559e-02 4.330059140920639038e-02 -2.048874199390411377e-01 6.005262732505798340e-01
5.109787700000000000e+07 6.883004307746887207e-02 3.502533957362174988e-02 -8.108256757259368896e-02 7.539036870002746582e-01
5.109797700000000000e+07 6.657115370035171509e-02 4.141444340348243713e-02 2.539470791816711426e-01 6.150936484336853027e-01
5.109807700000000000e+07 6.756265461444854736e-02 4.278213530778884888e-02 -1.724826991558074951e-01 6.563864946365356445e-01
5.109817700000000000e+07 6.498050689697265625e-02 5.204823985695838928e-02 -4.067136645317077637e-01 5.147168636322021484e-01
5.109827700000000000e+07 6.332793831825256348e-02 4.119544103741645813e-02 3.926252126693725586e-01 6.744552850723266602e-01
5.109837700000000000e+07 6.697610020637512207e-02 4.122446849942207336e-02 2.220942974090576172e-01 6.490686535835266113e-01
5.109847700000000000e+07 7.639497518539428711e-02 4.404514282941818237e-02 2.138819731771945953e-02 6.251803636550903320e-01
5.109857700000000000e+07 6.856822222471237183e-02 3.684719279408454895e-02 -1.412606388330459595e-01 7.287522554397583008e-01
5.109867700000000000e+07 7.013628631830215454e-02 3.911173343658447266e-02 8.940982818603515625e-02 6.519503593444824219e-01
5.109877700000000000e+07 6.811335682868957520e-02 4.703216627240180969e-02 -2.874770462512969971e-01 6.118420362472534180e-01
5.109887700000000000e+07 7.104299962520599365e-02 4.380727559328079224e-02 -1.522495895624160767e-01 6.451505422592163086e-01
5.109897700000000000e+07 6.479933112859725952e-02 4.577504843473434448e-02 2.623001635074615479e-01 6.151687502861022949e-01
5.109907700000000000e+07 6.949529051780700684e-02 4.200635477900505066e-02 -1.645602583885192871e-01 6.123262047767639160e-01
5.109917700000000000e+07 7.088318467140197754e-02 4.731752350926399231e-02 -2.178568989038467407e-01 6.090331673622131348e-01
5.109927700000000000e+07 6.762997061014175415e-02 4.314540326595306396e-02 1.646385341882705688e-01 6.523666977882385254e-01
5.109937700000000000e+07 6.607872992753982544e-02 5.214096978306770325e-02 5.577685683965682983e-02 5.645498037338256836e-01
5.109947700000000000e+07 6.628901511430740356e-02 5.055544152855873108e-02 2.525426149368286133e-01 5.435277223587036133e-01
5.109957700000000000e+07 7.049570232629776001e-02 4.145150631666183472e-02 -4.376205801963806152e-02 6.340587139129638672e-01
5.109967700000000000e+07 6.235812976956367493e-02 4.555393755435943604e-02 2.722714245319366455e-01 6.267433762550354004e-01
5.109977700000000000e+07 6.640063226222991943e-02 4.353628307580947876e-02 -1.631373316049575806e-01 5.884572863578796387e-01
5.109987700000000000e+07 6.876815855503082275e-02 5.756671354174613953e-02 -1.378510147333145142e-01 4.875304102897644043e-01
5.109997700000000000e+07 6.438542902469635010e-02 4.373438656330108643e-02 -1.539938896894454956e-01 6.126049160957336426e-01
5.110007700000000000e+07 6.429035216569900513e-02 4.152986779808998108e-02 -4.081714153289794922e-02 6.247137188911437988e-01
5.110017700000000000e+07 7.211882621049880981e-02 5.533994361758232117e-02 3.250107914209365845e-02 5.311500430107116699e-01
5.110027700000000000e+07 7.038918882608413696e-02 3.875057026743888855e-02 2.281128913164138794e-01 6.598675847053527832e-01
5.110037700000000000e+07 6.189488619565963745e-02 3.762619942426681519e-02 1.305253058671951294e-01 6.816017031669616699e-01
5.110047700000000000e+07 6.920275837182998657e-02 4.728407412767410278e-02 -2.184438407421112061e-01 5.289291143417358398e-01
5.110057700000000000e+07 3.497777134180068970e-02 5.221726000308990479e-02 -4.641615450382232666e-01 1.343763768672943115e-01
5.110067700000000000e+07 3.638036921620368958e-02 6.124031543731689453e-02 -5.659143924713134766e-01 2.602748572826385498e-04
5.110077700000000000e+07 4.289170727133750916e-02 6.086679175496101379e-02 -5.318039059638977051e-01 -1.043110489845275879e-01
5.110087700000000000e+07 4.230465367436408997e-02 5.804654583334922791e-02 -5.903967022895812988e-01 4.114803299307823181e-02
5.110097700000000000e+07 4.257458820939064026e-02 6.771600991487503052e-02 -6.648774147033691406e-01 -1.390054672956466675e-01
5.110107700000000000e+07 4.196385294198989868e-02 6.621764600276947021e-02 -6.014401912689208984e-01 -1.653327345848083496e-01
5.110117700000000000e+07 3.459191322326660156e-02 6.047530099749565125e-02 -5.972989201545715332e-01 9.395200014114379883e-02
5.110127700000000000e+07 3.322906047105789185e-02 6.392548233270645142e-02 -7.133963108062744141e-01 1.849633082747459412e-02
5.110137700000000000e+07 4.004053771495819092e-02 6.580697745084762573e-02 -6.199221014976501465e-01 -1.953804790973663330e-01
5.110147700000000000e+07 3.310216218233108521e-02 6.201842054724693298e-02 -6.932455301284790039e-01 -1.320061832666397095e-01
5.110157700000000000e+07 3.950411453843116760e-02 6.712812185287475586e-02 -6.274735331535339355e-01 -4.519079998135566711e-02
5.110167700000000000e+07 3.605354204773902893e-02 6.610574573278427124e-02 -6.723752617835998535e-01 -1.779628247022628784e-01
5.110177700000000000e+07 3.592130914330482483e-02 6.907929480075836182e-02 -6.602669358253479004e-01 -7.778795063495635986e-02
5.110187700000000000e+07 3.951679915189743042e-02 6.244268640875816345e-02 -6.475529074668884277e-01 3.530050441622734070e-02
5.110197700000000000e+07 4.650144279003143311e-02 7.083317637443542480e-02 -6.042777299880981445e-01 1.092738211154937744e-01
5.110207700000000000e+07 3.609251976013183594e-02 6.931320577859878540e-02 -6.680299043655395508e-01 -9.060169756412506104e-02
5.110217700000000000e+07 3.668113425374031067e-02 6.660482287406921387e-02 -5.999004244804382324e-01 1.484575569629669189e-01
5.110227700000000000e+07 4.344288259744644165e-02 5.820859596133232117e-02 -4.911988377571105957e-01 -3.409745395183563232e-01
5.110237700000000000e+07 3.898787125945091248e-02 5.936973169445991516e-02 -6.766334772109985352e-01 -1.497355997562408447e-01
5.110247700000000000e+07 3.891855850815773010e-02 6.689252704381942749e-02 -5.834220051765441895e-01 -1.597232669591903687e-01
5.110257700000000000e+07 3.917864337563514709e-02 5.611375719308853149e-02 -6.560973525047302246e-01 4.123487696051597595e-02
5.110267700000000000e+07 3.056510351598262787e-02 5.725592374801635742e-02 -7.412471771240234375e-01 -2.401275485754013062e-01
5.110277700000000000e+07 3.156518191099166870e-02 6.331578642129898071e-02 -7.045827507972717285e-01 -5.329203978180885315e-02
5.110287700000000000e+07 3.535616025328636169e-02 6.358304619789123535e-02 -7.699551582336425781e-01 -1.958153843879699707e-01
5.110297700000000000e+07 3.676057979464530945e-02 6.553488969802856445e-02 -6.140370965003967285e-01 -1.440380364656448364e-01
5.110307700000000000e+07 3.460313379764556885e-02 6.273053586483001709e-02 -6.595174074172973633e-01 -5.594236031174659729e-02
5.110317700000000000e+07 3.213961049914360046e-02 6.335087865591049194e-02 -7.508727312088012695e-01 -1.623219847679138184e-01
5.110327700000000000e+07 3.526502475142478943e-02 5.962181463837623596e-02 -6.185074448585510254e-01 -2.044448256492614746e-01
5.110337700000000000e+07 3.432090952992439270e-02 6.272863596677780151e-02 -7.192493677139282227e-01 -1.789595559239387512e-02
5.110347700000000000e+07 2.899558842182159424e-02 6.328669190406799316e-02 -6.673414707183837891e-01 -3.691938892006874084e-02
5.110357700000000000e+07 3.852244094014167786e-02 6.019280850887298584e-02 -6.476062536239624023e-01 -3.417807519435882568e-01
5.110367700000000000e+07 3.370971232652664185e-02 5.621635913848876953e-02 -6.284043192863464355e-01 -3.385976850986480713e-01
5.110377700000000000e+07 3.872348368167877197e-02 4.482252895832061768e-02 -4.012064933776855469e-01 -3.860453069210052490e-01
5.110387700000000000e+07 5.978671833872795105e-02 5.002584680914878845e-02 -4.374260082840919495e-02 -5.060702562332153320e-01
5.110397700000000000e+07 6.902455538511276245e-02 5.077258497476577759e-02 -5.608242005109786987e-03 -6.137665510177612305e-01
5.110407700000000000e+07 6.176390126347541809e-02 4.171416535973548889e-02 1.372585631906986237e-02 -6.956841945648193359e-01
5.110417700000000000e+07 6.441935151815414429e-02 4.514396190643310547e-02 -1.694353669881820679e-01 -7.009848356246948242e-01
5.110427700000000000e+07 7.750839740037918091e-02 5.357462912797927856e-02 1.595430374145507812e-01 -6.181728243827819824e-01
5.110437700000000000e+07 7.433459907770156860e-02 5.328157916665077209e-02 -9.235385805368423462e-02 -6.446805000305175781e-01
5.110447700000000000e+07 7.441167533397674561e-02 4.776925593614578247e-02 -1.146538034081459045e-01 -7.161268591880798340e-01
5.110457700000000000e+07 6.602415442466735840e-02 4.731791466474533081e-02 -1.465582251548767090e-01 -7.095758914947509766e-01
5.110467700000000000e+07 7.673989236354827881e-02 4.456515982747077942e-02 8.778360486030578613e-02 -7.300971746444702148e-01
5.110477700000000000e+07 5.283861234784126282e-02 4.566288366913795471e-02 -3.514498174190521240e-01 -5.850897431373596191e-01
5.110487700000000000e+07 7.339017838239669800e-02 4.946516454219818115e-02 1.306542456150054932e-01 -5.821400284767150879e-01
5.110497700000000000e+07 7.136406004428863525e-02 4.969866946339607239e-02 5.237410962581634521e-02 -6.098237633705139160e-01
5.110507700000000000e+07 6.642569601535797119e-02 4.404420033097267151e-02 -1.578358113765716553e-01 -6.238673925399780273e-01
5.110517700000000000e+07 7.018440216779708862e-02 4.852173104882240295e-02 -5.942112952470779419e-02 -6.567462682723999023e-01
5.110527700000000000e+07 7.534499466419219971e-02 4.911227896809577942e-02 -1.163411214947700500e-01 -6.831165552139282227e-01
5.110537700000000000e+07 6.527569144964218140e-02 5.007956922054290771e-02 -2.248758077621459961e-01 -6.119574904441833496e-01
5.110547700000000000e+07 6.670343875885009766e-02 4.847654327750205994e-02 -9.045460820198059082e-02 -5.796681642532348633e-01
5.110557700000000000e+07 7.233956456184387207e-02 4.933568090200424194e-02 -1.086000725626945496e-02 -7.100293636322021484e-01
5.110567700000000000e+07 7.118829339742660522e-02 4.768036305904388428e-02 -1.042062416672706604e-03 -6.012602448463439941e-01
5.110577700000000000e+07 6.041497364640235901e-02 4.391855373978614807e-02 -1.743180751800537109e-01 -6.875981092453002930e-01
5.110587700000000000e+07 7.350256294012069702e-02 5.384715646505355835e-02 2.158520966768264771e-01 -6.049560904502868652e-01
5.110597700000000000e+07 6.814242899417877197e-02 4.692132398486137390e-02 -2.025158405303955078e-01 -6.614028215408325195e-01
5.110607700000000000e+07 6.284876167774200439e-02 5.202670395374298096e-02 -3.266497254371643066e-01 -5.925289988517761230e-01
5.110617700000000000e+07 7.906495779752731323e-02 4.975012689828872681e-02 1.253717392683029175e-01 -7.205184102058410645e-01
5.110627700000000000e+07 6.883572787046432495e-02 5.537639558315277100e-02 -5.254359543323516846e-02 -5.291654467582702637e-01
5.110637700000000000e+07 6.258881092071533203e-02 4.536965116858482361e-02 -1.455502063035964966e-01 -6.810294389724731445e-01
5.110647700000000000e+07 7.779674977064132690e-02 5.693130940198898315e-02 -3.169292956590652466e-02 -6.611971855163574219e-01
5.110657700000000000e+07 6.990554183721542358e-02 4.808377102017402649e-02 1.809649169445037842e-01 -6.683902144432067871e-01
5.110667700000000000e+07 7.443617284297943115e-02 4.680917784571647644e-02 -3.423867747187614441e-03 -6.799318194389343262e-01
5.110677700000000000e+07 6.784717738628387451e-02 4.690167680382728577e-02 -2.191928476095199585e-01 -6.355919837951660156e-01
5.110687700000000000e+07 5.682169646024703979e-02 3.820829465985298157e-02 -6.633209437131881714e-02 -7.012082338333129883e-01
5.110697700000000000e+07 5.316786468029022217e-02 4.557052999734878540e-02 -3.816825151443481445e-01 -6.183845996856689453e-01
5.110707700000000000e+07 6.768338382244110107e-02 5.210101231932640076e-02 -1.176241189241409302e-01 -5.440632700920104980e-01
5.110717700000000000e+07 7.608193159103393555e-02 5.332755297422409058e-02 1.257858276367187500e-01 -6.769682168960571289e-01
5.110727700000000000e+07 8.062622696161270142e-02 5.092150717973709106e-02 -1.811224073171615601e-01 -6.932237148284912109e-01
5.110737700000000000e+07 6.718996167182922363e-02 4.741947352886199951e-02 -1.580309420824050903e-01 -6.767636537551879883e-01
5.110747700000000000e+07 6.800099462270736694e-02 4.495872557163238525e-02 9.688663482666015625e-02 -6.361258029937744141e-01
5.110757700000000000e+07 7.194705307483673096e-02 4.749364405870437622e-02 -4.936014115810394287e-02 -5.938088297843933105e-01
5.110767700000000000e+07 7.643438875675201416e-02 4.784441366791725159e-02 -6.289591640233993530e-02 -6.702543497085571289e-01
5.110777700000000000e+07 7.194399833679199219e-02 4.843375459313392639e-02 1.491563618183135986e-01 -6.726418733596801758e-01
5.110787700000000000e+07 7.919594645500183105e-02 4.862736538052558899e-02 8.501803129911422729e-02 -6.746068000793457031e-01
5.110797700000000000e+07 6.913650035858154297e-02 4.802290722727775574e-02 -3.454591333866119385e-02 -6.468365192413330078e-01
5.110807700000000000e+07 7.746303081512451172e-02 5.515740439295768738e-02 1.504295766353607178e-01 -6.338000297546386719e-01
5.110817700000000000e+07 7.841613143682479858e-02 4.575609788298606873e-02 2.158297412097454071e-02 -7.090442776679992676e-01
5.110827700000000000e+07 5.746315419673919678e-02 4.150467738509178162e-02 -1.623802259564399719e-02 -6.198095083236694336e-01
5.110837700000000000e+07 4.914748296141624451e-02 5.362522974610328674e-02 2.986904084682464600e-01 -4.133212864398956299e-01
5.110847700000000000e+07 3.727208077907562256e-02 5.788095667958259583e-02 4.459365010261535645e-01 -2.384710460901260376e-01
5.110857700000000000e+07 3.383791819214820862e-02 6.446477770805358887e-02 6.485881209373474121e-01 -9.794808924198150635e-02
5.110867700000000000e+07 3.725158795714378357e-02 5.266336724162101746e-02 6.051512956619262695e-01 8.656273782253265381e-02
5.110877700000000000e+07 3.500927239656448364e-02 5.964956805109977722e-02 7.285103201866149902e-01 1.785711050033569336e-01
5.110887700000000000e+07 4.242561757564544678e-02 6.134531646966934204e-02 6.332608461380004883e-01 -3.306213393807411194e-02
5.110897700000000000e+07 3.909533098340034485e-02 5.243537947535514832e-02 6.319646239280700684e-01 2.248136699199676514e-01
5.110907700000000000e+07 3.554370626807212830e-02 5.850208178162574768e-02 6.799960732460021973e-01 3.008812293410301208e-02
5.110917700000000000e+07 3.945542499423027039e-02 5.885082855820655823e-02 6.472984552383422852e-01 7.246975600719451904e-02
5.110927700000000000e+07 4.232909157872200012e-02 5.754423514008522034e-02 6.677709817886352539e-01 2.437528520822525024e-01
5.110937700000000000e+07 4.607015475630760193e-02 5.786068737506866455e-02 5.582301020622253418e-01 2.702090442180633545e-01
5.110947700000000000e+07 3.617500141263008118e-02 6.240398809313774109e-02 6.665218472480773926e-01 5.748506635427474976e-03
5.110957700000000000e+07 3.882059827446937561e-02 6.059450656175613403e-02 6.484690904617309570e-01 1.925891637802124023e-01
5.110967700000000000e+07 4.303291440010070801e-02 6.456788629293441772e-02 6.475329399108886719e-01 2.138627916574478149e-01
5.110977700000000000e+07 3.908262774348258972e-02 6.431683152914047241e-02 6.191282868385314941e-01 -8.359327912330627441e-02
5.110987700000000000e+07 3.195767104625701904e-02 6.156953796744346619e-02 7.077767252922058105e-01 4.182928428053855896e-02
5.110997700000000000e+07 3.932402655482292175e-02 6.205603852868080139e-02 6.796789169311523438e-01 1.971487700939178467e-01
5.111007700000000000e+07 4.196071252226829529e-02 6.232906505465507507e-02 6.746247410774230957e-01 -6.134400144219398499e-02
5.111017700000000000e+07 3.688293695449829102e-02 6.379581987857818604e-02 7.668882012367248535e-01 -1.440541446208953857e-01
5.111027700000000000e+07 4.117203131318092346e-02 6.269955635070800781e-02 6.373459696769714355e-01 -9.256232529878616333e-03
5.111037700000000000e+07 3.955853357911109924e-02 5.919568240642547607e-02 7.040037512779235840e-01 8.553426712751388550e-03
5.111047700000000000e+07 3.651196137070655823e-02 6.059388071298599243e-02 7.398176193237304688e-01 4.698352143168449402e-02
5.111057700000000000e+07 5.147024244070053101e-02 5.465235188603401184e-02 5.586941242218017578e-01 3.593502938747406006e-01
5.111067700000000000e+07 3.377790749073028564e-02 6.028925999999046326e-02 7.333080172538757324e-01 1.080940067768096924e-01
5.111077700000000000e+07 3.210357576608657837e-02 6.728968024253845215e-02 6.842135787010192871e-01 -5.171007290482521057e-02
5.111087700000000000e+07 4.002351313829421997e-02 6.755458563566207886e-02 7.037710547447204590e-01 -6.880949437618255615e-02
5.111097700000000000e+07 3.772208839654922485e-02 6.439702957868576050e-02 6.338216662406921387e-01 6.867673248052597046e-03
5.111107700000000000e+07 3.540663793683052063e-02 6.253801286220550537e-02 6.951336264610290527e-01 -3.127684071660041809e-02
5.111117700000000000e+07 3.427795693278312683e-02 5.666180700063705444e-02 6.177055239677429199e-01 6.279444694519042969e-02
5.111127700000000000e+07 4.209749028086662292e-02 6.078390777111053467e-02 6.702511310577392578e-01 8.376453816890716553e-02
5.111137700000000000e+07 3.592947125434875488e-02 5.938614159822463989e-02 6.605455279350280762e-01 1.147451698780059814e-01
5.111147700000000000e+07 4.121861234307289124e-02 6.029274687170982361e-02 6.056283116340637207e-01 -5.616398528218269348e-02
5.111157700000000000e+07 4.139622300863265991e-02 6.291608512401580811e-02 5.516608953475952148e-01 -1.188911795616149902e-01
5.111167700000000000e+07 3.631893917918205261e-02 6.782548874616622925e-02 7.023857831954956055e-01 -3.242379799485206604e-02
5.111177700000000000e+07 5.418263003230094910e-02 7.133260369300842285e-02 5.145179629325866699e-01 -3.144967854022979736e-01
5.111187700000000000e+07 6.884575635194778442e-02 5.506737530231475830e-02 1.731489002704620361e-01 -5.228992104530334473e-01
5.111197700000000000e+07 7.367295771837234497e-02 6.351098418235778809e-02 2.661988735198974609e-01 -5.333589911460876465e-01
5.111207700000000000e+07 7.694847881793975830e-02 4.783555865287780762e-02 -1.859741210937500000e-01 -7.427560091018676758e-01
5.111217700000000000e+07 6.860418617725372314e-02 4.997580870985984802e-02 -8.818469941616058350e-02 -6.171675324440002441e-01
5.111227700000000000e+07 7.771221548318862915e-02 4.801888391375541687e-02 -1.027275249361991882e-02 -6.960188746452331543e-01
5.111237700000000000e+07 6.783335655927658081e-02 5.500312894582748413e-02 -2.580999433994293213e-01 -5.859667062759399414e-01
5.111247700000000000e+07 6.130071356892585754e-02 4.868556931614875793e-02 -1.517410278320312500e-01 -6.022586226463317871e-01
5.111257700000000000e+07 7.122338563203811646e-02 4.909538850188255310e-02 -3.032757639884948730e-01 -6.906965374946594238e-01
5.111267700000000000e+07 6.976015865802764893e-02 4.066160321235656738e-02 7.344914972782135010e-02 -7.237076163291931152e-01
5.111277700000000000e+07 5.853636562824249268e-02 3.982793539762496948e-02 2.543400414288043976e-02 -6.470257639884948730e-01
5.111287700000000000e+07 7.167251408100128174e-02 4.566940665245056152e-02 -1.015768647193908691e-01 -7.829785943031311035e-01
5.111297700000000000e+07 6.946738809347152710e-02 4.742351174354553223e-02 -1.939516663551330566e-01 -6.669701933860778809e-01
5.111307700000000000e+07 5.748111754655838013e-02 4.132584109902381897e-02 -2.666171491146087646e-01 -6.397886872291564941e-01
5.111317700000000000e+07 8.368199318647384644e-02 5.427172407507896423e-02 -4.384223744273185730e-02 -6.785617470741271973e-01
5.111327700000000000e+07 7.191083580255508423e-02 4.752133414149284363e-02 7.231126725673675537e-02 -6.314074993133544922e-01
5.111337700000000000e+07 6.690429896116256714e-02 4.342386871576309204e-02 -1.436000317335128784e-01 -6.446473002433776855e-01
5.111347700000000000e+07 7.462094724178314209e-02 4.541265591979026794e-02 -5.096720904111862183e-02 -7.024061679840087891e-01
5.111357700000000000e+07 6.653539091348648071e-02 4.476552829146385193e-02 3.000610135495662689e-02 -6.695148348808288574e-01
5.111367700000000000e+07 5.905168876051902771e-02 4.212018102407455444e-02 -6.036487221717834473e-02 -5.929611325263977051e-01
5.111377700000000000e+07 7.162223011255264282e-02 3.933886066079139709e-02 -1.843890547752380371e-01 -7.567858099937438965e-01
5.111387700000000000e+07 6.709668040275573730e-02 5.756801366806030273e-02 2.465541213750839233e-01 -5.304940342903137207e-01
5.111397700000000000e+07 6.646431982517242432e-02 4.326602444052696228e-02 -2.129077762365341187e-01 -6.940956711769104004e-01
5.111407700000000000e+07 6.669078022241592407e-02 4.485448822379112244e-02 1.328720897436141968e-01 -6.676992774009704590e-01
5.111417700000000000e+07 6.005831807851791382e-02 4.098983481526374817e-02 -1.620486378669738770e-01 -6.731784343719482422e-01
5.111427700000000000e+07 6.607621908187866211e-02 4.587166011333465576e-02 -2.711394131183624268e-01 -6.917752027511596680e-01
5.111437700000000000e+07 6.958533823490142822e-02 4.260333254933357239e-02 1.956742256879806519e-03 -7.106531858444213867e-01
5.111447700000000000e+07 5.641341209411621094e-02 4.511246830224990845e-02 2.635249793529510498e-01 -5.556129813194274902e-01
5.111457700000000000e+07 7.051882147789001465e-02 4.573481529951095581e-02 -4.050373658537864685e-02 -7.084461450576782227e-01
5.111467700000000000e+07 6.210071593523025513e-02 4.383895546197891235e-02 -6.708340346813201904e-02 -5.749284625053405762e-01
5.111477700000000000e+07 5.677108094096183777e-02 4.118164256215095520e-02 8.494963496923446655e-02 -7.230173945426940918e-01
5.111487700000000000e+07 6.524347513914108276e-02 5.211836472153663635e-02 1.207020729780197144e-01 -5.302516222000122070e-01
5.111497700000000000e+07 7.454378157854080200e-02 4.563474655151367188e-02 -2.457013167440891266e-02 -7.034121155738830566e-01
5.111507700000000000e+07 6.490799039602279663e-02 5.365830659866333008e-02 -1.803757697343826294e-01 -4.818841218948364258e-01
5.111517700000000000e+07 6.486067920923233032e-02 6.722519546747207642e-02 -3.060580790042877197e-01 4.606893286108970642e-02
5.111527700000000000e+07 4.840284958481788635e-02 6.340452283620834351e-02 -5.432963967323303223e-01 -1.387522965669631958e-01
5.111537700000000000e+07 5.124607309699058533e-02 6.819067150354385376e-02 -5.957962870597839355e-01 -2.874252200126647949e-01
5.111547700000000000e+07 3.970867022871971130e-02 6.810809671878814697e-02 -6.027741432189941406e-01 2.246956676244735718e-01
5.111557700000000000e+07 3.701749816536903381e-02 6.833115965127944946e-02 -7.655072808265686035e-01 -2.511941790580749512e-01
5.111567700000000000e+07 4.240864887833595276e-02 6.315115839242935181e-02 -5.840395092964172363e-01 1.662017256021499634e-01
5.111577700000000000e+07 3.242454305291175842e-02 5.290687084197998047e-02 -6.392545700073242188e-01 8.911591023206710815e-03
5.111587700000000000e+07 3.820267692208290100e-02 6.057920306921005249e-02 -6.965099573135375977e-01 -4.897152259945869446e-02
5.111597700000000000e+07 3.874506801366806030e-02 5.941266566514968872e-02 -6.271654963493347168e-01 -3.390790820121765137e-01
5.111607700000000000e+07 3.842070698738098145e-02 6.395515799522399902e-02 -6.853623986244201660e-01 -9.388725459575653076e-02
5.111617700000000000e+07 4.199159890413284302e-02 6.809680908918380737e-02 -5.940423607826232910e-01 -5.523415282368659973e-02
5.111627700000000000e+07 4.659569263458251953e-02 7.366356998682022095e-02 -6.368154287338256836e-01 -2.593438625335693359e-01
5.111637700000000000e+07 3.331739827990531921e-02 6.010065972805023193e-02 -6.844696402549743652e-01 -2.102847695350646973e-01
5.111647700000000000e+07 4.353033006191253662e-02 7.510146498680114746e-02 -5.617895126342773438e-01 7.765419781208038330e-02
5.111657700000000000e+07 5.630044639110565186e-02 6.214693933725357056e-02 -4.722600281238555908e-01 -4.563700854778289795e-01
5.111667700000000000e+07 4.230341687798500061e-02 6.446149945259094238e-02 -5.991162657737731934e-01 -3.015937209129333496e-01
5.111677700000000000e+07 3.696520254015922546e-02 5.654538795351982117e-02 -7.014938592910766602e-01 3.382278606295585632e-02
5.111687700000000000e+07 4.131508246064186096e-02 6.263577938079833984e-02 -6.184755563735961914e-01 -3.002812266349792480e-01
5.111697700000000000e+07 4.342197254300117493e-02 5.831594765186309814e-02 -5.069684982299804688e-01 -3.897975683212280273e-01
5.111707700000000000e+07 4.218914732336997986e-02 7.020807266235351562e-02 -5.434216856956481934e-01 -5.838984623551368713e-02
5.111717700000000000e+07 6.666707247495651245e-02 5.840596929192543030e-02 1.858925670385360718e-01 3.146333694458007812e-01
5.111727700000000000e+07 7.685594260692596436e-02 7.233629375696182251e-02 2.262581586837768555e-01 -1.778024286031723022e-01
5.111737700000000000e+07 4.790111258625984192e-02 6.472729146480560303e-02 5.114695429801940918e-01 -3.029996529221534729e-02
5.111747700000000000e+07 3.969052806496620178e-02 6.295471638441085815e-02 6.894648075103759766e-01 -7.060745358467102051e-02
5.111757700000000000e+07 3.970966115593910217e-02 6.755933910608291626e-02 6.961271762847900391e-01 -7.209144532680511475e-02
5.111767700000000000e+07 5.218870192766189575e-02 5.631076171994209290e-02 5.743255615234375000e-01 2.561326622962951660e-01
5.111777700000000000e+07 4.200317710638046265e-02 6.571792066097259521e-02 6.143294572830200195e-01 -1.048321276903152466e-01
5.111787700000000000e+07 3.653079643845558167e-02 5.567357689142227173e-02 6.038982868194580078e-01 -6.280127167701721191e-02
5.111797700000000000e+07 4.044894874095916748e-02 6.626565754413604736e-02 7.017140984535217285e-01 4.385959729552268982e-02
5.111807700000000000e+07 4.117172211408615112e-02 6.381463259458541870e-02 6.792383193969726562e-01 7.905797660350799561e-02
5.111817700000000000e+07 4.078571498394012451e-02 6.080183014273643494e-02 6.888651847839355469e-01 -1.234648525714874268e-01
5.111827700000000000e+07 3.762049600481987000e-02 5.888064950704574585e-02 6.540485024452209473e-01 7.665254175662994385e-02
5.111837700000000000e+07 3.992942720651626587e-02 5.371423438191413879e-02 7.277549505233764648e-01 6.866703927516937256e-02
5.111847700000000000e+07 3.726649284362792969e-02 5.935549363493919373e-02 7.300993800163269043e-01 3.780866786837577820e-02
5.111857700000000000e+07 6.373335421085357666e-02 6.470325589179992676e-02 4.323602914810180664e-01 -1.862373054027557373e-01
5.111867700000000000e+07 3.413151949644088745e-02 5.426413565874099731e-02 6.778060793876647949e-01 2.829345166683197021e-01
5.111877700000000000e+07 4.373105987906455994e-02 5.654272064566612244e-02 6.398990750312805176e-01 3.171143233776092529e-01
5.111887700000000000e+07 4.006615653634071350e-02 6.624977290630340576e-02 6.947248578071594238e-01 -2.038157135248184204e-01
5.111897700000000000e+07 3.646659478545188904e-02 6.233126297593116760e-02 6.781541109085083008e-01 4.920473322272300720e-02
5.111907700000000000e+07 3.705691173672676086e-02 5.880678817629814148e-02 7.629946470260620117e-01 9.431032836437225342e-02
5.111917700000000000e+07 4.075755178928375244e-02 6.008101627230644226e-02 6.898874640464782715e-01 1.782104521989822388e-01
5.111927700000000000e+07 4.093280434608459473e-02 6.208591163158416748e-02 5.904569625854492188e-01 -2.936557233333587646e-01
5.111937700000000000e+07 3.564458712935447693e-02 6.047633290290832520e-02 6.860299110412597656e-01 5.305966362357139587e-02
5.111947700000000000e+07 4.412828385829925537e-02 5.333861708641052246e-02 5.572463274002075195e-01 2.883327007293701172e-01
5.111957700000000000e+07 3.433379158377647400e-02 6.072760373353958130e-02 7.266960740089416504e-01 -8.345499634742736816e-02
5.111967700000000000e+07 4.212157428264617920e-02 5.664780363440513611e-02 6.165120601654052734e-01 1.787522882223129272e-01
5.111977700000000000e+07 4.139273241162300110e-02 5.661825090646743774e-02 6.813718676567077637e-01 1.445336937904357910e-01
5.111987700000000000e+07 3.659359365701675415e-02 6.199054792523384094e-02 6.728481650352478027e-01 5.211287364363670349e-02
5.111997700000000000e+07 4.910038039088249207e-02 4.444074258208274841e-02 2.074198722839355469e-01 2.767446935176849365e-01
5.112007700000000000e+07 4.382462799549102783e-02 4.417610540986061096e-02 -2.463413774967193604e-01 2.441708743572235107e-01
5.112017700000000000e+07 5.091855302453041077e-02 5.959513783454895020e-02 -3.019463121891021729e-01 -1.481246650218963623e-01
5.112027700000000000e+07 3.851525858044624329e-02 5.741814896464347839e-02 -5.064521431922912598e-01 -1.849188208580017090e-01
5.112037700000000000e+07 3.372070565819740295e-02 5.978088825941085815e-02 -6.535274982452392578e-01 -1.342391371726989746e-01
5.112047700000000000e+07 4.295672476291656494e-02 7.081720978021621704e-02 -6.104319691658020020e-01 -8.761648833751678467e-02
5.112057700000000000e+07 4.658159986138343811e-02 6.917434185743331909e-02 -5.460917949676513672e-01 1.986512169241905212e-02
5.112067700000000000e+07 4.264135286211967468e-02 6.439397484064102173e-02 -5.663947463035583496e-01 -6.932376325130462646e-02
5.112077700000000000e+07 4.346405342221260071e-02 7.105888426303863525e-02 -5.278056263923645020e-01 -3.896108642220497131e-02
5.112087700000000000e+07 4.660780355334281921e-02 6.539709120988845825e-02 -5.535978674888610840e-01 2.726185023784637451e-01
5.112097700000000000e+07 6.319919228553771973e-02 5.417620390653610229e-02 -4.230834543704986572e-01 5.078637003898620605e-01
5.112107700000000000e+07 7.889694720506668091e-02 6.060867384076118469e-02 -2.162704467773437500e-01 4.575777947902679443e-01
5.112117700000000000e+07 7.238596677780151367e-02 4.002203792333602905e-02 -3.347485885024070740e-02 6.741628050804138184e-01
5.112127700000000000e+07 6.771171838045120239e-02 4.524686560034751892e-02 -5.622901767492294312e-02 5.960701704025268555e-01
5.112137700000000000e+07 7.337454706430435181e-02 4.375432804226875305e-02 -1.768082752823829651e-02 6.457227468490600586e-01
5.112147700000000000e+07 6.787473708391189575e-02 4.295705631375312805e-02 -2.840530127286911011e-02 6.544455289840698242e-01
5.112157700000000000e+07 6.735829263925552368e-02 3.756761178374290466e-02 5.688507854938507080e-02 6.345422267913818359e-01
5.112167700000000000e+07 6.649051606655120850e-02 3.633869439363479614e-02 -2.187541127204895020e-02 7.252924442291259766e-01
5.112177700000000000e+07 6.594379246234893799e-02 4.256545752286911011e-02 1.855513900518417358e-01 6.578059196472167969e-01
5.112187700000000000e+07 6.641039252281188965e-02 3.644130006432533264e-02 1.143050193786621094e-01 6.859390735626220703e-01
5.112197700000000000e+07 6.531689316034317017e-02 3.496208414435386658e-02 3.716301918029785156e-02 6.945368051528930664e-01
5.112207700000000000e+07 6.755001097917556763e-02 3.608940914273262024e-02 1.391655504703521729e-01 6.453834176063537598e-01
5.112217700000000000e+07 6.973369419574737549e-02 4.005498066544532776e-02 2.807063423097133636e-02 6.879857182502746582e-01
5.112227700000000000e+07 6.608524173498153687e-02 4.222455993294715881e-02 1.853988021612167358e-01 6.103087067604064941e-01
5.112237700000000000e+07 6.897629052400588989e-02 4.416340216994285583e-02 2.781292498111724854e-01 6.131294369697570801e-01
5.112247700000000000e+07 6.848989427089691162e-02 3.798587992787361145e-02 -9.688248857855796814e-03 6.621555089950561523e-01
5.112257700000000000e+07 5.122705176472663879e-02 4.849987849593162537e-02 4.090083539485931396e-01 4.143413007259368896e-01
5.112267700000000000e+07 8.023685961961746216e-02 6.660812348127365112e-02 -1.196540594100952148e-01 -6.876166164875030518e-02
5.112277700000000000e+07 5.621635168790817261e-02 4.110704734921455383e-02 1.562629789113998413e-01 4.019500315189361572e-01
5.112287700000000000e+07 5.766762048006057739e-02 5.045570433139801025e-02 1.401584893465042114e-01 3.747916519641876221e-01
5.112297700000000000e+07 5.503074079751968384e-02 5.325248837471008301e-02 1.006183102726936340e-01 1.841762512922286987e-01
5.112307700000000000e+07 5.147617682814598083e-02 5.433661118149757385e-02 -1.180229038000106812e-01 -5.367863923311233521e-03
5.112317700000000000e+07 3.654748201370239258e-02 5.443562939763069153e-02 -5.106881260871887207e-01 -2.527989447116851807e-01
5.112327700000000000e+07 4.234682023525238037e-02 4.459020495414733887e-02 -2.841527946293354034e-02 3.618102520704269409e-03
5.112337700000000000e+07 4.415678605437278748e-02 4.393243789672851562e-02 3.651759773492813110e-02 1.252178475260734558e-02
5.112347700000000000e+07 4.085330665111541748e-02 3.376030549407005310e-02 -1.624063216149806976e-02 -3.675345331430435181e-02
5.112357700000000000e+07 2.650772780179977417e-02 2.938820607960224152e-02 2.760560624301433563e-02 -2.227069810032844543e-02
5.112367700000000000e+07 3.101825714111328125e-02 4.868201911449432373e-02 3.270760178565979004e-02 5.301546305418014526e-03
5.112377700000000000e+07 4.954850301146507263e-02 5.470151081681251526e-02 -5.004162192344665527e-01 4.629635214805603027e-01
5.112387700000000000e+07 5.993207171559333801e-02 5.625596269965171814e-02 -9.800218045711517334e-02 -2.520523369312286377e-01
5.112397700000000000e+07 5.168804526329040527e-02 5.129283294081687927e-02 1.500436961650848389e-01 -2.945712804794311523e-01
5.112407700000000000e+07 5.877284705638885498e-02 5.064638704061508179e-02 1.683632731437683105e-01 -3.183877766132354736e-01
5.112417700000000000e+07 3.011877648532390594e-02 2.867934294044971466e-02 -2.344153262674808502e-02 -5.815463140606880188e-02
5.112427700000000000e+07 2.363323979079723358e-02 2.479774504899978638e-02 6.764613091945648193e-03 -4.025097563862800598e-02
5.112437700000000000e+07 2.360532619059085846e-02 2.478244341909885406e-02 6.739094853401184082e-03 -4.039512947201728821e-02
5.112447700000000000e+07 2.365512959659099579e-02 2.481018379330635071e-02 6.786117330193519592e-03 -4.016618803143501282e-02
5.112457700000000000e+07 2.363360114395618439e-02 2.480003796517848969e-02 6.758054718375205994e-03 -4.030402377247810364e-02
5.112467700000000000e+07 2.363040857017040253e-02 2.479777485132217407e-02 6.744217127561569214e-03 -4.031791165471076965e-02
5.112477700000000000e+07 2.363105490803718567e-02 2.479843236505985260e-02 6.762340664863586426e-03 -4.029302671551704407e-02
5.112487700000000000e+07 2.364397048950195312e-02 2.480416186153888702e-02 6.679579615592956543e-03 -4.029359295964241028e-02
5.112497700000000000e+07 2.363568730652332306e-02 2.479965984821319580e-02 6.703998893499374390e-03 -4.027079418301582336e-02
5.112507700000000000e+07 2.362121082842350006e-02 2.479168772697448730e-02 6.744496524333953857e-03 -4.029329493641853333e-02
5.112517700000000000e+07 2.362404204905033112e-02 2.479408308863639832e-02 6.752410903573036194e-03 -4.032917693257331848e-02
5.112527700000000000e+07 2.365568280220031738e-02 2.480943314731121063e-02 6.710307672619819641e-03 -4.020457342267036438e-02
5.112537700000000000e+07 2.361949905753135681e-02 2.479356341063976288e-02 6.744479760527610779e-03 -4.034503176808357239e-02
5.112547700000000000e+07 2.362035587430000305e-02 2.479383908212184906e-02 6.727105006575584412e-03 -4.035528376698493958e-02
5.112557700000000000e+07 2.360913716256618500e-02 2.478803507983684540e-02 6.776308640837669373e-03 -4.037048295140266418e-02
5.112567700000000000e+07 2.362751774489879608e-02 2.479690872132778168e-02 6.719842553138732910e-03 -4.035644605755805969e-02
5.112577700000000000e+07 2.361340075731277466e-02 2.478857897222042084e-02 6.699230521917343140e-03 -4.039265587925910950e-02
5.112587700000000000e+07 2.362585067749023438e-02 2.479658462107181549e-02 6.767021492123603821e-03 -4.035027697682380676e-02
5.112597700000000000e+07 2.361357025802135468e-02 2.479099296033382416e-02 6.636014208197593689e-03 -4.055644944310188293e-02
5.112607700000000000e+07 2.365227229893207550e-02 2.481092326343059540e-02 6.798312067985534668e-03 -4.022620990872383118e-02
5.112617700000000000e+07 2.361134998500347137e-02 2.478896267712116241e-02 6.713623180985450745e-03 -4.040946438908576965e-02
5.112627700000000000e+07 2.364240027964115143e-02 2.480288594961166382e-02 6.763193756341934204e-03 -4.021765664219856262e-02
5.112637700000000000e+07 2.361717820167541504e-02 2.479118108749389648e-02 6.712172180414199829e-03 -4.037382081151008606e-02
5.112647700000000000e+07 2.363013103604316711e-02 2.479779906570911407e-02 6.719896569848060608e-03 -4.033695533871650696e-02
5.112657700000000000e+07 2.363080717623233795e-02 2.479781210422515869e-02 6.747586652636528015e-03 -4.028331115841865540e-02
5.112667700000000000e+07 2.360612154006958008e-02 2.478540502488613129e-02 6.848827004432678223e-03 -4.034330323338508606e-02
5.112677700000000000e+07 2.363210543990135193e-02 2.479862794280052185e-02 6.739277392625808716e-03 -4.029818251729011536e-02
